CLOSE_DEF,SHOT_DIST-0.970709852,-0.454812388-0.695307221,-0.93287479-0.798583207,0.3305758430.44072863,-0.6596962750.509579287,1.4802020942.402972372,1.423289903-0.041225974,0.8427855590.44072863,0.3533407190.337452643,1.2639357690.647280603,1.468819656-1.177261824,-0.124721682-0.592031235,-0.466194826-0.798583207,-0.4206650740.268601986,-0.5458718932.47182303,1.4802020941.060384548,1.229788455-0.764157879,0.945227502-0.592031235,-0.6938435891.714465796,1.298083084-0.316628604,-0.739373341-0.626456563,-0.568636770.062050013,-0.7621382180.199751328,0.8883153110.475153959,1.4005250270.096475342,1.150111388-0.213352618,1.480202094-0.557605906,0.1598392712.265271057,0.3191934050.234176657,1.138728951.680040467,1.081816759-0.454329919,-0.8304328472.988202962,1.44605478-0.798583207,-0.9442572280.062050013,1.252553331-0.14450196,-0.420665074-0.213352618,1.594026475-0.72973255,-0.432047512-0.316628604,1.252553331-0.006800645,1.0590518830.612855274,1.4574372180.406303301,0.83140312-0.14450196,0.8655504350.303027315,0.6948138631.576764481,1.2525533311.266936521,1.525731846-0.419904591,1.0021396920.337452643,0.7517260541.266936521,1.50296697-0.523180577,-0.7279909030.71613126,1.0021396920.406303301,1.4005250273.057053619,1.207023579-0.488755248,-0.147486559-0.041225974,1.309465522-0.488755248,-0.693843589-0.351053933,-0.4889597031.266936521,0.9907572540.475153959,1.1159640740.165325999,1.138728950.337452643,0.774490934.19308947,-0.9784045421.060384548,0.865550435-0.798583207,-0.0336621770.234176657,1.4346723410.268601986,1.4915845320.337452643,1.4802020941.680040467,0.603754358-0.041225974,0.7175787390.303027315,1.0590518831.645615138,1.172876264-0.488755248,0.854167997-0.557605906,0.46716510.406303301,1.3777601510.406303301,1.3891425891.783316453,1.4915845320.612855274,1.525731846-0.523180577,0.5468421674.227514799,1.50296697-1.039560509,-0.7393733410.406303301,1.0021396920.165325999,1.093199197-0.178927289,-1.2288181810.234176657,1.6737035420.371877972,1.434672341-0.798583207,0.4216353480.784981918,1.3891425890.371877972,1.4119074653.091478948,1.3777601511.02595922,0.6265192341.163660535,1.514349408-0.592031235,-0.272693378-0.454329919,1.628173790.681705931,1.5143494080.647280603,1.377760151-0.075651302,0.979374816-0.247777946,1.024904569-0.557605906,-0.409282636-0.075651302,0.763108492-0.660881892,-0.0564270540.888257904,1.184258703-0.282203275,-0.272693378-0.695307221,-0.898727475-0.213352618,0.9452275020.544004616,1.5826440370.544004616,1.434672341-0.833008536,-0.93287479-0.006800645,0.990757254-0.385479262,-0.762138218-0.72973255,0.3988704720.337452643,1.468819656-0.592031235,0.364723157-0.178927289,-0.7052260271.370212508,1.514349408-0.247777946,-0.295458254-0.72973255,-0.5003421410.475153959,0.7175787392.127569742,1.1956411412.368547043,1.241170893-0.798583207,-0.557254331-0.660881892,-1.0125518570.337452643,0.9452275020.199751328,1.0818167590.268601986,-0.1816338730.096475342,1.13872895-0.695307221,0.990757254-0.488755248,0.0915446420.819407247,1.036287007-0.247777946,1.0135221310.027624684,1.491584532-0.178927289,1.047669445-0.110076631,1.4346723410.475153959,1.525731846-0.075651302,0.273663652-0.488755248,0.785873368-1.177261824,4.85E-04-0.14450196,0.3988704720.612855274,1.0704343211.611189809,1.411907465-0.454329919,0.8655504351.473488494,1.377760151-0.798583207,4.85E-04-0.660881892,-0.5458718930.027624684,1.434672341-0.488755248,-0.682461151-0.14450196,0.7858733681.163660535,1.343612836-0.075651302,0.7289611770.096475342,1.013522131-0.385479262,1.0362870070.062050013,-1.023934295-0.936284523,-0.967022104-0.454329919,-0.98978698-0.282203275,-0.62554896-0.557605906,-0.875962599-0.626456563,-1.1149938-1.246112482,-1.046699171-0.488755248,-1.126376238-0.488755248,-1.080846485-1.108411167,-1.103611362-0.970709852,-0.967022104-0.867433865,-1.206053305-1.177261824,-1.080846485-0.351053933,-1.058081609-1.246112482,-1.194670867-0.695307221,-0.830432847-0.592031235,-0.944257228-0.833008536,-1.29711281-0.695307221,-1.206053305-0.557605906,-0.739373341-1.177261824,-0.716608465-1.177261824,-1.092228924-0.557605906,-0.978404542-1.073985838,-1.023934295-0.660881892,-1.1149938-1.073985838,-1.1149938-0.764157879,-0.955639666-0.764157879,-0.944257228-0.385479262,-1.217435743-1.039560509,-1.069464047-0.419904591,-0.773520656-0.075651302,0.28504609-0.247777946,-1.183288429-0.247777946,-1.206053305-0.454329919,-1.103611362-0.041225974,-1.1149938-1.00513518,-1.149141114-1.177261824,-1.17190599-0.351053933,-1.217435743-0.592031235,-1.103611362-0.316628604,-0.6369313980.165325999,-1.137758676-0.178927289,-1.012551857-0.454329919,-1.137758676-0.14450196,-0.739373341-0.110076631,-1.183288429-0.867433865,-0.921492352-0.557605906,-0.830432847-0.798583207,-1.1149938-0.385479262,-0.98978698-0.351053933,-0.636931398-0.385479262,-1.262965495-1.039560509,-1.046699171-0.798583207,-1.046699171-0.454329919,-0.56863677-1.349388468,-1.17190599-0.867433865,-0.978404542-1.142836496,-1.103611362-0.798583207,-0.98978698-0.970709852,-1.137758676-0.419904591,-1.183288429-0.282203275,-0.955639666-1.31496314,-1.103611362-0.660881892,-1.171905990.027624684,0.4444002240.406303301,-0.3751353210.784981918,-0.7735206560.337452643,0.4671651-0.695307221,-1.0353167330.647280603,0.398870472-0.351053933,-0.545871893-0.764157879,-0.75075578-0.523180577,-0.6596962750.165325999,0.182604147-0.419904591,-0.648313836-0.523180577,-0.397900198-0.110076631,0.4785475380.475153959,-0.967022104-0.075651302,0.489929977-0.14450196,0.444400224-1.31496314,-0.921492352-0.110076631,0.5354597290.337452643,1.4005250270.544004616,0.3647231570.922683233,0.4671651-0.833008536,-0.62554896-0.419904591,-0.807667970.406303301,0.489929977-0.351053933,-0.967022104-0.247777946,-0.329605569-0.833008536,-1.0011694180.853832576,-0.727990903-0.454329919,-0.511724579-0.419904591,-0.580019208-0.247777946,-0.819050408-1.418239126,-1.160523552-0.247777946,0.1370743950.027624684,0.125691956-0.454329919,-0.329605569-0.764157879,-0.7621382180.544004616,-0.295458254-1.383813797,-1.240200619-0.660881892,-0.545871893-0.488755248,-0.614166522-0.419904591,-0.910109913-0.660881892,-1.1149938-1.142836496,-0.511724579-0.626456563,-0.420665074-0.798583207,-0.44342995-0.695307221,-0.238546064-0.316628604,0.4899299770.096475342,0.603754358-1.073985838,-1.0694640470.612855274,1.2411708930.475153959,4.85E-04-0.626456563,-0.8759625990.784981918,-0.80766797-0.454329919,-0.887345037-0.351053933,-0.432047512-0.557605906,-1.149141114-0.660881892,-0.477577264-0.626456563,-1.1377586760.544004616,0.4330177860.750556589,-0.705226027-0.282203275,0.273663652-1.383813797,-0.8304328470.199751328,0.239516338-0.247777946,0.091544642-0.213352618,0.683431425-0.833008536,-1.262965495-1.108411167,-0.9214923520.406303301,0.171221709-1.00513518,-0.534489455-0.764157879,-1.0466991710.578429945,-1.126376238-1.418239126,-1.319877686-0.557605906,-0.318223131-1.108411167,-1.035316733-1.039560509,-0.705226027-0.936284523,-0.523107017-1.246112482,-1.035316733-0.867433865,-1.001169418-0.660881892,-0.545871893-0.867433865,-1.080846485-1.00513518,-0.5914016460.647280603,0.637901672-0.592031235,-0.215781187-0.351053933,-0.318223131-1.383813797,-0.944257228-0.798583207,-0.193016311-0.14450196,0.216751461-1.108411167,-0.443429950.337452643,0.694813863-0.14450196,0.159839271-0.041225974,-0.454812388-0.764157879,-0.671078713-0.798583207,-0.910109913-0.833008536,-0.6027840840.750556589,0.558224605-0.936284523,-0.523107017-1.246112482,-0.944257228-0.798583207,-1.262965495-1.177261824,-0.830432847-1.108411167,-0.784903094-0.660881892,-0.7393733410.544004616,0.353340719-0.798583207,-0.944257228-0.178927289,0.011867575-1.280537811,-1.2288181810.337452643,-0.978404542-0.592031235,-0.784903094-0.523180577,-0.784903094-1.039560509,-0.989786980.062050013,0.205369023-0.764157879,-0.921492352-1.108411167,-0.7849030940.475153959,0.4899299770.509579287,-1.012551857-0.316628604,-0.215781187-0.178927289,-0.534489455-0.695307221,-0.762138218-0.488755248,0.1712217091.266936521,0.6379016720.096475342,-0.841815285-0.454329919,-0.272693378-0.695307221,-0.8190504080.750556589,0.216751461-0.075651302,-0.4775772640.096475342,-0.26131094-0.419904591,-0.887345037-0.454329919,-0.545871893-0.454329919,-0.2726933780.475153959,0.546842167-0.282203275,-0.181633873-0.660881892,-0.557254331-0.764157879,-0.113339244-0.626456563,-0.147486559-0.557605906,-0.705226027-0.316628604,-0.147486559-0.041225974,0.672048987-0.523180577,-0.773520656-0.833008536,-0.9101099130.062050013,0.4557826620.062050013,-0.2840758160.062050013,0.6720489870.337452643,0.8655504350.647280603,-0.989786980.509579287,-0.796285532-0.488755248,-0.2954582540.062050013,0.626519234-0.041225974,0.296428528-0.316628604,-0.5344894550.268601986,0.7289611771.542339152,0.740343615-0.316628604,-0.056427054-0.72973255,-0.329605569-1.142836496,-0.875962599-0.385479262,0.3305758431.129235206,-0.238546064-0.970709852,-0.580019208-0.351053933,-0.5003421410.096475342,-0.853197723-0.488755248,-0.227163626-0.523180577,-0.568636770.303027315,0.433017786-1.073985838,-0.6710787130.612855274,0.1370743950.268601986,0.250898776-0.14450196,-0.363752883-0.14450196,-0.2726933780.13090067,0.193986585-0.488755248,-0.8873450370.096475342,-0.614166522-0.557605906,-0.215781187-0.867433865,-0.8873450371.060384548,1.024904569-0.695307221,-1.012551857-0.72973255,-0.306840693-0.72973255,-0.875962599-1.039560509,-1.080846485-0.867433865,-0.3182231310.681705931,0.512694853-0.867433865,-0.5231070170.165325999,-0.739373341-0.006800645,0.558224605-0.110076631,0.672048987-0.075651302,-0.07919193-0.72973255,-0.409282636-0.798583207,-0.488959703-0.523180577,-0.295458254-1.073985838,-0.0450446160.406303301,0.3874880330.71613126,0.512694853-0.72973255,-0.693843589-0.764157879,-0.295458254-0.282203275,-0.784903094-1.383813797,-0.2954582540.991533891,1.8444401140.165325999,-0.602784084-0.833008536,-0.853197723-0.901859194,-0.500342141-0.488755248,-0.591401646-0.626456563,-0.659696275-0.660881892,0.307810967-0.72973255,-0.306840693-0.901859194,-0.3523704450.337452643,0.489929977-0.72973255,-0.306840693-0.626456563,-0.910109913-0.385479262,-0.181633873-0.626456563,-0.80766797-0.592031235,-0.864580161-0.72973255,-1.183288429-0.798583207,-0.7962855320.027624684,0.330575843-0.626456563,-0.591401646-0.72973255,-0.8873450370.062050013,0.728961177-0.626456563,-0.921492352-0.626456563,-0.397900198-0.764157879,-1.274347934-1.039560509,-0.955639666-0.626456563,-1.0239342950.268601986,-0.147486559-0.695307221,-0.477577264-0.419904591,-0.375135321-0.14450196,0.137074395-1.073985838,-0.944257228-1.039560509,-1.160523552-0.626456563,-0.204398749-0.626456563,-1.103611362-0.72973255,-0.648313836-0.178927289,-0.9442572280.509579287,0.41025291-0.178927289,-0.5800192080.062050013,-0.62554896-0.626456563,-0.340988007-0.247777946,-0.93287479-0.041225974,0.5809894820.062050013,-1.1036113620.268601986,-0.420665074-0.557605906,-0.8304328470.578429945,-0.1247216820.165325999,0.2167514610.234176657,0.660666549-0.660881892,-1.1036113620.234176657,0.478547538-0.247777946,-0.306840693-0.798583207,-0.26131094-0.006800645,-0.3068406930.509579287,0.751726054-0.660881892,-0.602784084-0.178927289,-0.739373341-0.454329919,0.273663652-0.626456563,-0.591401646-0.592031235,-0.352370445-0.557605906,-0.375135321-0.14450196,0.1484568330.337452643,-0.75075578-1.177261824,-0.432047512-0.006800645,-0.819050408-1.00513518,-0.5572543311.094809877,-0.784903094-0.867433865,-0.898727475-0.798583207,-0.864580161-0.695307221,-0.591401646-1.142836496,-0.8304328470.578429945,-0.978404542-0.316628604,-0.796285532-0.695307221,-0.591401646-0.592031235,0.694813863-0.798583207,-0.079191930.475153959,4.85E-04-0.385479262,-0.477577264-0.798583207,-1.17190599-0.72973255,-1.206053305-0.247777946,-0.215781187-0.316628604,-0.523107017-1.383813797,-0.978404542-1.383813797,-0.762138218-1.280537811,-0.7621382181.576764481,0.672048987-1.246112482,-0.580019208-0.316628604,0.672048987-1.418239126,-1.103611362-1.349388468,-0.557254331-1.349388468,-0.705226027-0.213352618,0.159839271-0.867433865,-0.432047512-1.418239126,-0.477577264-0.351053933,-0.762138218-0.867433865,-0.363752883-0.075651302,-0.1474865590.199751328,0.5809894820.234176657,0.444400224-0.488755248,-0.989786981.129235206,0.808638244-0.867433865,-0.853197723-0.316628604,-0.067809492-0.213352618,0.148456833-0.316628604,-0.614166522-0.041225974,0.239516338-0.14450196,-0.762138218-0.660881892,-1.0353167331.198085864,0.865550435-0.626456563,0.034632451-1.246112482,-0.9442572280.853832576,0.785873368-0.72973255,-1.0353167330.406303301,0.580989482-0.488755248,-0.534489455-0.385479262,-0.3068406930.13090067,0.59237192-0.764157879,-0.955639666-0.075651302,0.6265192340.234176657,0.353340719-0.798583207,-1.1149938-0.936284523,-0.648313836-1.00513518,-0.750755780.027624684,0.2736636520.096475342,-0.671078713-0.626456563,-0.272693378-1.142836496,-0.477577264-0.110076631,0.04601489-0.557605906,-0.488959703-0.764157879,-0.284075816-0.833008536,-0.75075578-0.833008536,-1.0125518570.027624684,-0.75075578-0.695307221,-0.682461151-0.213352618,-0.967022104-1.108411167,-0.864580161-0.454329919,-0.7621382180.544004616,0.489929977-0.006800645,0.4785475380.096475342,-0.056427054-0.660881892,-0.8190504080.853832576,0.580989482-1.00513518,-0.204398749-0.523180577,-0.07919193-0.351053933,-0.0678094920.44072863,-0.784903094-1.418239126,-0.6824611510.234176657,0.1370743950.13090067,0.706196301-0.936284523,-0.5344894551.266936521,0.7403436150.268601986,0.626519234-1.246112482,-0.978404542-1.31496314,-0.739373341-0.764157879,-0.557254331-0.006800645,0.524077291-0.523180577,-1.217435743-0.936284523,-0.5800192080.44072863,0.148456833-0.901859194,-0.93287479-0.316628604,-0.75075578-0.075651302,-0.75075578-0.316628604,-0.693843589-0.488755248,-0.93287479-0.247777946,-0.397900198-0.351053933,-1.058081609-0.72973255,-0.773520656-0.72973255,-0.944257228-0.592031235,-0.636931398-0.488755248,-0.454812388-0.660881892,-0.454812388-0.523180577,-1.206053305-0.695307221,0.376105595-1.418239126,-0.762138218-0.695307221,-0.6483138360.509579287,-0.4320475120.337452643,-0.921492352-0.419904591,-0.466194826-0.660881892,-1.080846485-0.970709852,-0.534489455-0.385479262,-0.295458254-0.454329919,-0.352370445-0.454329919,-1.046699171-0.833008536,-0.3751353210.13090067,0.694813863-0.798583207,0.171221709-0.764157879,-0.784903094-0.764157879,-0.375135321-0.626456563,-1.262965495-0.14450196,-0.500342141-0.523180577,-0.864580161-0.488755248,-0.898727475-0.660881892,-1.2174357430.71613126,1.081816759-0.936284523,-0.8531977230.819407247,1.024904569-0.385479262,-1.137758676-0.14450196,-0.9556396660.784981918,-0.762138218-0.075651302,-1.126376238-0.454329919,-0.716608465-1.177261824,-1.2515830570.888257904,0.6948138630.337452643,-0.8759625993.229180264,-0.841815285-0.419904591,-0.6710787130.199751328,1.036287007-0.901859194,-0.7849030940.234176657,-1.160523552-0.488755248,-1.012551857-1.280537811,-0.830432847-0.488755248,-0.8645801610.819407247,1.104581636-0.557605906,-0.875962599-0.213352618,-0.955639666-0.798583207,-1.0808464850.957108562,1.002139692-1.383813797,-0.93287479-0.695307221,-1.0466991712.609524345,0.83140312-0.557605906,-0.921492352-0.110076631,-1.0922289240.027624684,-0.784903094-0.764157879,-1.035316733-0.316628604,-0.7621382180.234176657,-0.8645801610.853832576,-1.183288429-0.626456563,-0.944257228-0.970709852,-0.978404542-0.006800645,-1.228818181-0.316628604,-0.6938435891.404637836,1.1273465120.647280603,0.444400224-0.764157879,-1.1377586761.783316453,1.0021396922.47182303,1.502966970.853832576,1.013522131-1.108411167,-0.7052260270.199751328,1.104581636-0.14450196,-1.183288429-1.108411167,-0.864580161-1.108411167,-0.625548960.991533891,1.093199197-0.798583207,-0.8531977230.371877972,0.933845064-0.660881892,-0.466194826-0.798583207,-1.206053305-1.142836496,-1.069464047-0.592031235,-0.8645801610.681705931,0.933845064-0.247777946,-0.7279909031.370212508,-0.614166522-0.178927289,-1.0922289242.781650989,1.0021396920.819407247,1.070434321-0.592031235,-0.762138218-0.316628604,-1.2629654951.817741782,1.0818167591.748891125,1.50296697-0.660881892,-1.012551857-1.177261824,-0.8304328472.093144413,0.956609940.406303301,1.081816759-0.523180577,-1.1263762380.544004616,1.024904569-0.660881892,-0.7735206562.127569742,0.8200206823.125904277,-0.967022104-0.488755248,-1.183288429-0.970709852,-0.8987274750.475153959,0.023250013-0.282203275,-1.274347934-0.213352618,-0.955639666-0.660881892,-0.6369313982.196420399,0.95660994-1.00513518,-1.069464047-1.177261824,-1.126376238-0.454329919,-0.682461151-0.454329919,-1.0580816091.748891125,0.876932873-0.660881892,-0.75075578-1.246112482,-0.7393733411.060384548,1.0362870070.784981918,-0.6824611510.681705931,1.070434321-0.385479262,-0.4548123882.609524345,1.070434321-0.867433865,-0.93287479-0.523180577,-0.716608465-0.695307221,-1.0011694182.402972372,0.990757254-1.073985838,-0.819050408-0.626456563,-0.9214923520.337452643,0.990757254-0.901859194,-0.8304328471.266936521,1.13872895-0.72973255,-1.058081609-0.626456563,-1.183288429-0.626456563,-0.93287479-0.316628604,-0.5572543310.991533891,1.1045816362.74722566,0.7289611770.337452643,-1.0808464851.094809877,-0.8190504080.647280603,1.070434321-0.626456563,-0.7279909030.578429945,0.888315311-0.695307221,-0.568636770.750556589,0.979374816-0.213352618,-1.1605235522.712800331,1.1159640741.335787179,-0.98978698-0.72973255,-1.2515830570.475153959,-0.989786981.163660535,1.127346512-0.454329919,4.85E-04-1.383813797,-0.98978698-0.867433865,-0.864580161-0.72973255,-0.420665074-0.178927289,-0.9556396660.784981918,1.115964074-0.695307221,-1.183288429-0.901859194,-1.058081609-0.626456563,-0.989786981.198085864,0.922462626-1.349388468,-0.796285532-0.764157879,-0.898727475-0.72973255,-1.17190599-0.419904591,-1.126376238-0.14450196,-1.046699171-0.110076631,-0.1930163110.578429945,1.104581636-0.626456563,-1.2174357430.544004616,0.8427855590.371877972,1.0362870071.714465796,0.8769328730.991533891,-1.206053305-0.247777946,-0.989786981.507913823,1.047669445-0.970709852,-0.784903094-0.110076631,-1.137758676-0.557605906,-1.069464047-0.626456563,-0.7962855320.544004616,1.0362870070.165325999,-1.058081609-0.867433865,-1.0239342951.30136185,1.127346512-0.867433865,-0.7735206560.647280603,1.115964074-0.695307221,-0.921492352-0.075651302,0.7403436150.13090067,0.956609942.368547043,0.2736636521.163660535,1.115964074-0.454329919,-0.921492352-0.454329919,0.979374816-0.351053933,-0.784903094-0.454329919,0.9110801870.062050013,0.10292708-0.901859194,1.059051883-0.351053933,1.480202094-0.523180577,0.785873368-0.592031235,1.366377713-0.075651302,0.9793748160.303027315,0.6037543580.199751328,1.389142589-0.178927289,1.0135221311.163660535,1.389142589-0.351053933,0.592371920.71613126,1.400525027-0.488755248,1.502966970.337452643,1.070434321-1.383813797,-1.2402006190.922683233,1.3549952740.199751328,1.150111388-0.247777946,1.0135221310.13090067,1.3891425890.784981918,1.4346723411.370212508,1.1956411410.096475342,1.559879161-0.247777946,-0.181633873-0.695307221,1.3094655220.647280603,1.559879161-0.041225974,-0.306840693-0.14450196,1.195641141-0.316628604,-1.137758676-0.833008536,0.273663652-0.419904591,-0.124721682-0.351053933,0.64928411-0.006800645,1.6395562280.199751328,1.673703542-0.282203275,1.1273465122.16199507,1.013522131-0.523180577,1.036287007-0.867433865,0.159839271-0.592031235,1.172876264-0.419904591,1.4915845320.234176657,1.639556228-0.488755248,-0.2043987490.647280603,0.649284110.096475342,1.0362870070.268601986,1.446054781.30136185,1.400525027-0.833008536,0.899697749-0.970709852,0.808638244-1.383813797,-1.069464047-0.316628604,0.5013124150.027624684,1.002139692-0.764157879,0.706196301-0.006800645,0.478547538-0.316628604,1.434672341-0.833008536,-0.3182231310.406303301,1.286700646-0.247777946,-0.329605569-0.557605906,-0.363752883-0.351053933,1.0590518830.165325999,-0.56863677-0.282203275,0.4557826620.303027315,1.707850857-0.72973255,0.706196301-0.14450196,0.307810967-1.039560509,-1.080846485-0.351053933,-0.0450446160.578429945,-0.967022104-0.833008536,-1.080846485-0.695307221,-0.500342141-1.349388468,-0.762138218-1.177261824,-1.0125518570.234176657,1.457437218-0.075651302,-0.2499285021.955443097,0.911080187-0.178927289,0.763108492-0.110076631,1.4915845320.234176657,1.115964074-0.213352618,0.933845064-0.178927289,0.524077291-0.385479262,0.239516338-0.385479262,0.2395163380.475153959,1.559879161-0.14450196,1.571261599-0.626456563,-0.693843589-0.041225974,1.4688196560.888257904,0.148456833-0.282203275,-0.397900198-0.041225974,1.400525027-0.006800645,1.423289903-0.041225974,1.44605478-0.626456563,-0.3182231312.368547043,1.4005250270.681705931,4.85E-040.096475342,0.421635348-0.041225974,0.3761055950.027624684,1.434672341-0.72973255,-1.0808464850.371877972,1.0818167590.303027315,0.10292708-0.006800645,1.4574372180.268601986,0.7631084920.784981918,0.922462626-0.041225974,1.423289903-0.488755248,0.159839271-0.557605906,1.115964074-0.833008536,1.1045816360.062050013,0.876932873-0.660881892,0.080162204-0.798583207,0.6265192340.475153959,0.77449093-0.247777946,0.7631084920.44072863,-0.8190504080.544004616,1.218406017-0.178927289,0.421635348-0.557605906,0.023250013-1.280537811,0.1370743950.165325999,0.95660994-0.798583207,-0.3068406930.165325999,1.4346723410.750556589,1.4688196561.921017769,0.7289611770.303027315,0.41025291-0.901859194,0.080162204-0.247777946,0.114309518-0.454329919,-0.295458254-0.557605906,0.307810967-0.282203275,1.605408913-0.316628604,0.353340719-0.488755248,-0.3296055690.509579287,0.6720489870.199751328,1.5257318460.647280603,1.468819656-0.867433865,0.842785559-0.316628604,0.728961177-1.383813797,-1.023934295-0.14450196,0.182604147-0.110076631,-0.193016311-0.488755248,-0.249928502-0.419904591,-0.864580161-0.454329919,0.865550435-0.798583207,-0.2840758160.303027315,1.150111388-0.523180577,0.46716510.165325999,1.537114285-0.075651302,1.2184060171.198085864,1.4005250270.544004616,1.354995274-0.901859194,0.580989482-0.72973255,0.808638244-0.178927289,1.093199197-0.523180577,0.5582246050.027624684,1.366377713-0.488755248,0.046014890.71613126,0.330575843-0.798583207,0.5013124150.199751328,1.6054089132.16199507,1.3663777130.303027315,1.389142589-1.142836496,-0.98978698-0.351053933,-0.0678094920.371877972,1.0818167590.647280603,1.4119074650.406303301,0.569607043-0.523180577,0.956609940.475153959,-0.170251435-0.488755248,-0.5800192080.544004616,0.524077291-0.006800645,1.081816759-0.178927289,-0.841815285-1.142836496,-0.7279909031.335787179,1.161493826-0.936284523,-1.2288181810.199751328,1.0476694450.819407247,1.207023579-0.14450196,1.0704343211.542339152,1.252553331-0.006800645,-0.784903094-0.419904591,-0.978404542-0.316628604,-0.6027840840.027624684,1.2411708930.544004616,0.637901672-0.178927289,1.1842587030.096475342,0.4785475380.71613126,1.2184060170.784981918,0.956609940.13090067,1.275318208-0.901859194,-0.967022104-0.14450196,-1.023934295-0.833008536,0.22813390.681705931,1.423289903-0.351053933,0.3533407192.16199507,1.4346723410.475153959,-0.0450446160.784981918,0.865550435-0.454329919,0.672048987-0.316628604,-0.841815285-0.833008536,0.785873368-0.419904591,-1.206053305-0.006800645,0.77449093-0.419904591,-0.989786982.196420399,1.2753182080.509579287,1.286700646-0.488755248,0.6379016721.542339152,0.558224605-0.695307221,-0.8531977231.060384548,-1.217435743-0.282203275,0.637901672-0.523180577,-0.5231070170.13090067,1.2297884550.062050013,1.195641141-0.557605906,-0.796285532-0.695307221,-0.56863677-0.592031235,0.9679923781.198085864,0.285046090.268601986,0.8769328731.473488494,1.5143494080.475153959,0.911080187-0.764157879,0.296428528-0.213352618,0.911080187-0.14450196,-1.080846485-0.178927289,0.83140312-0.316628604,0.0915446420.991533891,1.480202094-0.557605906,-0.238546064-0.867433865,-0.682461151-0.695307221,-0.921492352-0.72973255,-0.397900198-0.488755248,-0.6483138360.681705931,0.558224605-0.764157879,-0.7849030940.44072863,-0.7962855320.062050013,-0.819050408-1.073985838,-1.0239342950.062050013,0.797255806-0.833008536,-0.93287479-0.385479262,0.8086382440.303027315,1.502966970.44072863,0.979374816-0.660881892,-0.1019568060.027624684,0.3761055951.060384548,0.8541679978.874934189,-1.0922289240.922683233,0.387488033-0.419904591,-0.6027840840.888257904,-1.103611362-0.178927289,-0.5572543310.750556589,1.44605478-0.14450196,0.558224605-0.764157879,0.7289611770.165325999,1.0590518830.71613126,1.1956411410.027624684,0.3761055951.30136185,1.1956411410.199751328,1.594026475-0.488755248,0.3305758430.268601986,0.854167997-0.006800645,0.763108492-0.970709852,-0.352370445-0.419904591,0.182604147-1.039560509,-0.671078713-0.247777946,-0.6938435890.475153959,0.615136796-0.213352618,-1.2402006190.44072863,0.626519234-0.592031235,0.888315311-0.454329919,-0.7052260272.609524345,0.6834314250.303027315,0.751726054-0.660881892,-0.853197723-0.006800645,0.0915446421.507913823,0.933845064-0.901859194,-0.3409880072.609524345,0.3191934050.268601986,0.319193405-0.72973255,-0.409282636-0.351053933,0.4671651-0.557605906,-0.8418152850.027624684,0.717578739-0.936284523,-0.773520656-0.075651302,0.5013124150.578429945,0.558224605-1.31496314,-0.580019208-0.14450196,0.637901672-0.833008536,-0.6824611510.268601986,-0.090574368-0.419904591,-0.204398749-0.351053933,-0.7279909030.062050013,-0.853197723-0.041225974,0.740343615-0.695307221,-0.488959703-1.383813797,-0.98978698-0.419904591,-0.523107017-0.282203275,0.433017786-1.211687153,-0.762138218-0.041225974,0.114309518-0.626456563,-0.477577264-0.282203275,4.85E-04-0.626456563,-0.340988007-0.454329919,-0.409282636-0.075651302,0.239516338-0.419904591,-0.6596962750.062050013,-0.568636770.612855274,0.717578739-0.247777946,-0.0905743680.337452643,1.036287007-0.488755248,0.558224605-0.213352618,-1.080846485-0.14450196,0.216751461-0.247777946,0.0232500130.199751328,0.3078109670.13090067,1.2297884550.337452643,0.683431425-1.177261824,-0.716608465-0.006800645,0.672048987-0.14450196,0.444400224-0.213352618,-0.1247216820.750556589,1.218406017-0.110076631,-0.98978698-1.211687153,-0.8304328471.88659244,0.683431425-0.419904591,0.7858733680.234176657,1.2867006460.062050013,1.13872895-0.041225974,0.797255806-0.419904591,0.04601489-1.142836496,-0.545871893-0.075651302,1.036287007-0.385479262,-0.784903094-0.592031235,-0.614166522-0.110076631,0.558224605-0.247777946,0.0573973280.096475342,0.307810967-1.00513518,-0.534489455-0.660881892,0.59237192-1.349388468,-1.171905991.507913823,1.161493826-0.592031235,-0.1930163110.44072863,0.410252910.303027315,0.9679923780.303027315,0.7631084922.919352304,1.446054780.268601986,0.216751461-0.454329919,0.2508987761.576764481,-1.274347934-0.798583207,-1.103611362-0.14450196,0.728961177-0.72973255,-0.3409880070.819407247,1.2070235790.234176657,0.967992378-0.454329919,-0.602784084-0.213352618,-0.500342141-1.349388468,-0.659696275-0.006800645,-0.8418152850.268601986,1.024904569-0.72973255,-0.5117245790.544004616,1.457437218-0.14450196,-0.8759625990.027624684,0.341958281-0.626456563,-1.11499380.888257904,1.2184060170.096475342,-0.295458254-0.041225974,1.434672341-0.557605906,-0.796285532-0.867433865,0.171221709-0.660881892,-0.6710787130.027624684,-0.0108973010.853832576,0.785873368-0.454329919,-0.500342141-0.006800645,1.0135221310.199751328,0.751726054-0.523180577,0.717578739-0.833008536,-0.773520656-0.419904591,0.46716510.922683233,0.2508987760.062050013,0.728961177-0.557605906,-0.671078713-0.075651302,1.1956411410.13090067,0.9224626261.921017769,0.785873368-0.316628604,-0.2385460641.02595922,-1.0466991710.13090067,0.854167997-0.660881892,-0.8531977230.096475342,-0.7621382180.71613126,0.8769328730.027624684,-0.8759625990.199751328,0.888315311-0.213352618,0.967992378-0.72973255,0.3191934055.36355065,1.1842587033.194754935,1.4119074650.096475342,0.512694853-0.764157879,-0.6027840840.71613126,0.637901672-0.213352618,-1.29711281-0.041225974,0.854167997-0.833008536,-0.0564270540.612855274,0.8883153111.88659244,1.252553331-1.246112482,-0.7393733410.234176657,1.571261599-0.764157879,0.5013124150.922683233,1.4346723410.13090067,0.546842167-0.110076631,-1.069464047-0.695307221,-0.249928502-0.764157879,-0.568636770.027624684,1.0931991971.198085864,0.7858733680.234176657,0.808638244-0.867433865,-0.898727475-0.901859194,-0.432047512-1.31496314,-0.932874790.268601986,1.3891425890.612855274,0.990757254-0.72973255,-1.023934295-0.041225974,-1.285730372-0.041225974,1.685085980.578429945,1.457437218-0.282203275,-0.80766797-0.316628604,-0.511724579-0.488755248,-0.887345037-0.178927289,0.694813863-0.419904591,-1.058081609-0.970709852,-0.636931398-0.833008536,-0.033662177-0.316628604,-0.98978698-1.177261824,1.252553331-0.454329919,0.740343615-0.110076631,1.4688196560.268601986,0.9452275020.475153959,1.594026475-0.523180577,-0.8418152850.509579287,1.4574372180.13090067,1.537114285-0.316628604,0.2964285280.371877972,0.7403436153.263605592,-1.126376238-0.626456563,0.8200206820.062050013,-1.001169418-0.764157879,-0.397900198-0.14450196,0.683431425-0.316628604,0.3988704720.337452643,0.808638244-0.041225974,0.77449093-0.006800645,-0.8759625990.199751328,1.7761454850.027624684,1.3094655220.13090067,1.5484967230.096475342,-0.249928502-0.351053933,0.672048987-0.523180577,1.0704343210.612855274,0.6948138630.819407247,1.0476694450.096475342,-0.272693378-0.557605906,-1.001169418-0.833008536,-1.1263762380.475153959,0.4444002240.44072863,0.64928411-0.14450196,0.0801622040.062050013,0.854167997-0.626456563,-0.7849030940.027624684,0.5582246050.681705931,0.706196301-0.936284523,-0.0905743680.303027315,1.4005250270.234176657,1.616791351-0.695307221,-0.93287479-0.419904591,-0.1930163110.406303301,0.876932873-0.316628604,-0.8531977230.234176657,0.831403120.337452643,1.5826440370.647280603,0.7972558060.509579287,-0.5800192080.647280603,1.4574372180.784981918,1.502966970.922683233,1.4119074650.957108562,-0.193016311-0.695307221,-0.022279739-0.798583207,-0.853197723-1.142836496,4.85E-04-0.075651302,1.548496723-0.523180577,-1.206053305-0.660881892,0.95660994-0.833008536,-0.989786980.096475342,0.558224605-0.282203275,-1.11499380.475153959,-1.0011694181.266936521,1.400525027-0.454329919,1.628173790.303027315,1.241170893-0.488755248,0.10292708-0.592031235,-0.967022104-0.14450196,1.548496723-0.385479262,-0.762138218-0.764157879,-0.9670221040.165325999,1.377760151-1.177261824,-0.4320475120.544004616,-0.2043987493.573433552,1.1956411410.234176657,1.423289903-0.075651302,0.763108492-0.075651302,0.6948138630.44072863,1.446054780.71613126,0.8427855590.234176657,1.889969867-0.419904591,0.7403436150.096475342,1.8444401140.509579287,1.44605478-0.660881892,-1.183288429-1.142836496,-1.171905990.578429945,0.2736636520.371877972,0.603754358-0.351053933,-0.272693378-0.557605906,-0.796285532-0.316628604,0.285046090.44072863,0.649284110.199751328,1.50296697-0.557605906,-0.8304328471.748891125,0.979374816-0.901859194,-1.001169418-0.006800645,0.0232500131.542339152,1.3322303980.096475342,0.489929977-0.764157879,1.389142589-0.764157879,-0.807667970.303027315,0.7858733680.406303301,1.696468418-0.075651302,0.797255806-0.695307221,-1.228818181-1.246112482,-1.160523552-0.798583207,-1.206053305-0.660881892,-0.1247216821.748891125,0.7858733681.611189809,1.44605478-0.764157879,-1.1491411140.612855274,1.2184060170.44072863,0.95660994-0.351053933,-1.0694640470.544004616,0.421635348-0.213352618,-1.262965495-0.419904591,-0.887345037-0.592031235,-1.2629654950.44072863,1.400525027-0.592031235,-0.98978698-0.385479262,-0.580019208-0.385479262,-0.568636770.234176657,1.5484967230.165325999,1.400525027-0.110076631,1.446054780.819407247,0.820020682-0.14450196,0.740343615-0.798583207,-1.251583057-0.970709852,-0.8531977230.44072863,0.6606665490.475153959,1.1045816360.750556589,1.423289903-0.488755248,-0.9670221040.475153959,1.5940264750.44072863,0.797255806-1.177261824,-0.8304328470.337452643,0.8655504350.853832576,-0.545871893-0.178927289,-0.488959703-0.523180577,-0.397900198-1.280537811,-1.001169418-0.72973255,-0.819050408-1.349388468,-0.967022104-0.523180577,-0.1133392440.027624684,1.582644037-0.282203275,0.8086382440.509579287,1.548496723-0.110076631,0.3988704720.165325999,1.4802020941.02595922,1.4005250270.268601986,0.7175787390.027624684,1.1159640740.062050013,1.400525027-0.695307221,-0.204398749-0.72973255,-0.978404542-1.418239126,-0.9556396660.165325999,-0.4206650740.612855274,1.719233295-0.764157879,-1.206053305-0.075651302,0.512694853-0.041225974,-1.1946708670.268601986,1.184258703-0.454329919,-0.477577264-0.006800645,-0.523107017-0.316628604,-0.238546064-0.385479262,-1.217435743-0.454329919,-0.7849030940.647280603,0.580989482-0.14450196,-0.3296055691.163660535,1.423289903-0.72973255,-1.2402006192.712800331,0.341958281-1.039560509,-1.149141114-0.419904591,0.387488033-1.108411167,-1.0808464853.194754935,1.423289903-1.177261824,-1.1605235520.268601986,1.50296697-0.833008536,-1.1036113620.303027315,0.59237192-0.695307221,-0.693843589-0.798583207,-0.5458718930.578429945,-0.193016311-0.178927289,-0.602784084-0.178927289,1.4232899030.062050013,0.774490932.643949674,0.763108492-0.14450196,-0.8759625990.371877972,0.7061963010.509579287,-0.204398749-0.936284523,-1.1036113620.957108562,1.172876264-0.110076631,0.433017786-0.316628604,0.8769328730.096475342,1.44605478-0.764157879,-1.17190599-0.660881892,-0.705226027-0.557605906,-0.932874790.234176657,1.468819656-0.523180577,-0.386517759-0.695307221,-0.238546064-0.764157879,-0.796285532-1.246112482,-0.989786982.299696386,0.330575843-0.626456563,-1.3084952480.922683233,1.423289903-0.075651302,1.525731846-1.039560509,-1.183288429-0.178927289,0.569607043-0.282203275,1.184258703-0.041225974,0.728961177-0.557605906,-1.160523552-0.523180577,-0.784903094-1.039560509,-0.910109913-0.72973255,-1.29711281-0.798583207,-1.1605235520.475153959,0.250898776-0.006800645,0.820020682-0.14450196,1.059051883-1.142836496,-1.206053305-0.523180577,-1.2060533050.922683233,0.7403436151.232511192,0.95660994-0.247777946,1.036287007-0.867433865,-0.2499285020.027624684,1.423289903-0.764157879,-0.375135321-0.833008536,-0.2840758160.337452643,0.740343615-0.867433865,0.080162204-0.454329919,-0.853197723-1.039560509,-1.160523552-0.351053933,-0.9556396660.853832576,0.706196301-0.660881892,-1.1946708670.991533891,0.2395163380.957108562,0.672048987-0.110076631,-1.046699171-0.764157879,-1.194670867-0.695307221,-1.0580816090.475153959,-1.319877686-0.764157879,-1.0011694180.71613126,1.411907465-0.385479262,0.376105595-0.351053933,1.4574372180.681705931,1.537114285-0.454329919,1.0590518830.165325999,1.0362870070.234176657,-1.194670867-0.006800645,1.4802020940.199751328,0.524077291-0.213352618,-1.035316733-0.213352618,1.480202094-0.385479262,-1.160523552-0.557605906,1.434672341-1.418239126,0.77449093-0.592031235,0.7858733680.647280603,1.423289903-0.695307221,-0.955639666-0.833008536,-0.2726933780.406303301,1.411907465-0.867433865,-1.1832884290.13090067,1.68508598-0.075651302,1.263935769-1.349388468,-1.1036113620.303027315,-0.8531977231.02595922,0.9110801870.544004616,1.093199197-0.282203275,-0.887345037-0.660881892,-0.841815285-0.695307221,-1.001169418-0.798583207,-0.9784045420.853832576,0.637901672-0.660881892,-1.1491411140.303027315,1.0590518830.71613126,0.8200206820.544004616,0.854167997-1.108411167,-1.183288429-0.075651302,0.706196301-0.936284523,-1.0580816090.303027315,0.8086382440.268601986,0.444400224-0.867433865,-0.8304328470.303027315,0.7972558060.509579287,0.9679923780.819407247,0.808638244-0.006800645,0.524077291-0.282203275,-0.864580161-0.833008536,-1.092228924-0.901859194,-1.183288429-0.385479262,-0.989786980.303027315,-1.171905990.13090067,-0.022279739-0.833008536,-1.1605235520.71613126,0.77449093-0.316628604,0.945227502-1.383813797,-0.2954582540.234176657,0.683431425-0.488755248,-1.035316733-0.833008536,-0.875962599-1.108411167,-0.2954582540.647280603,0.59237192-1.383813797,-1.023934295-0.936284523,-0.762138218-0.282203275,-0.2271636260.44072863,-0.864580161-1.418239126,-1.183288429-0.764157879,-0.8531977230.303027315,0.2964285280.303027315,0.77449093-0.488755248,-0.9214923521.198085864,0.933845064-0.557605906,-1.058081609-1.246112482,-1.023934295-0.72973255,-1.0239342952.540673687,0.7858733680.612855274,-0.8759625990.544004616,-0.98978698-0.282203275,-0.9784045420.578429945,0.7972558061.094809877,0.899697749-0.488755248,-0.648313836-0.798583207,-0.7962855320.13090067,-0.557254331-1.142836496,-0.7735206560.027624684,-1.001169418-0.316628604,0.7858733681.989868426,0.808638244-1.211687153,-0.898727475-0.626456563,-1.1605235520.475153959,0.933845064-0.764157879,-0.5458718931.129235206,0.7289611770.027624684,0.489929977-0.454329919,-0.9101099130.096475342,-0.636931398-0.316628604,-0.238546064-1.00513518,-0.62554896-0.901859194,-0.716608465-0.867433865,-0.7621382180.681705931,0.763108492-0.110076631,-0.80766797-0.72973255,-0.158868997-0.833008536,-0.807667970.165325999,0.353340719-0.867433865,-0.56863677-1.246112482,-0.340988007-1.418239126,-0.204398749-0.523180577,-0.147486559-0.660881892,-0.5003421410.096475342,0.672048987-0.454329919,-1.194670867-0.970709852,-0.921492352-0.901859194,-1.126376238-1.073985838,-1.001169418-0.419904591,-0.875962599-0.213352618,0.626519234-0.867433865,-0.978404542-0.626456563,-0.864580161-0.523180577,0.307810967-0.833008536,-0.488959703-0.695307221,-0.762138218-0.764157879,-0.750755780.199751328,0.820020682-1.00513518,-0.853197723-0.247777946,-0.762138218-0.798583207,-1.11499380.096475342,0.2395163380.096475342,0.433017786-0.798583207,-0.819050408-0.72973255,-0.477577264-0.660881892,-0.864580161-0.041225974,-1.012551857-0.72973255,-0.9214923520.371877972,0.77449093-0.178927289,-0.8987274750.819407247,0.83140312-0.213352618,0.239516338-0.006800645,-0.898727475-1.383813797,-0.671078713-1.177261824,-0.807667970.991533891,-0.944257228-1.383813797,-0.7962855321.129235206,0.501312415-0.385479262,-0.773520656-0.385479262,0.694813863-0.695307221,-0.6710787131.921017769,-0.910109913-0.72973255,-0.0678094920.647280603,0.77449093-0.523180577,-0.56863677-0.419904591,-0.875962599-0.006800645,0.64928411-0.213352618,-0.989786980.165325999,0.455782662-1.246112482,-0.739373341-0.247777946,-1.183288429-0.316628604,-1.0694640470.234176657,0.7631084920.612855274,0.64928411-0.178927289,-1.137758676-0.72973255,-0.773520656-0.833008536,-1.1036113620.44072863,0.615136796-0.936284523,-0.93287479-0.970709852,-0.614166522-0.798583207,-0.841815285-0.936284523,-0.659696275-0.798583207,-0.7621382180.612855274,0.592371920.303027315,0.398870472-0.626456563,-0.9214923520.165325999,0.77449093-0.419904591,-0.875962599-0.523180577,-0.98978698-0.282203275,-0.898727475-0.936284523,-0.875962599-0.488755248,-0.80766797-0.454329919,-0.671078713-0.592031235,-0.864580161-1.383813797,-0.636931398-0.385479262,-1.171905990.13090067,-0.386517759-0.557605906,-0.955639666-0.385479262,0.2281339-0.488755248,-1.228818181-0.488755248,0.478547538-0.626456563,-0.773520656-0.282203275,-0.6369313980.13090067,0.7175787393.022628291,0.899697749-0.867433865,-0.6596962751.094809877,-1.2402006190.234176657,0.9452275020.062050013,1.013522131-1.142836496,-1.012551857-0.213352618,-0.98978698-0.936284523,-1.160523552-0.213352618,-0.215781187-0.110076631,0.2508987760.199751328,0.1370743950.096475342,-0.8987274750.165325999,0.592371920.268601986,0.376105595-0.867433865,-0.853197723-0.660881892,-0.3068406930.544004616,1.070434321-0.488755248,0.034632451-0.488755248,0.125691956-0.660881892,-0.2385460640.337452643,-0.6938435890.681705931,1.411907465-0.075651302,-0.9670221040.027624684,-0.80766797-0.385479262,0.524077291-0.523180577,-0.5117245790.578429945,0.8427855590.991533891,0.717578739-0.764157879,-0.898727475-0.72973255,-1.0011694180.406303301,0.592371921.30136185,1.5940264750.819407247,1.4915845320.062050013,1.411907465-0.72973255,-0.750755780.199751328,1.138728950.13090067,0.5354597290.371877972,0.0232500130.268601986,0.4899299770.44072863,0.8769328730.234176657,0.59237192-1.177261824,-0.887345037-0.282203275,-0.5458718930.096475342,-0.864580161-0.72973255,-0.784903094-0.592031235,-0.7735206560.062050013,-0.910109913-0.660881892,-0.98978698-0.970709852,-0.841815285-0.626456563,-0.887345037-0.110076631,-1.001169418-0.247777946,-0.944257228-0.592031235,-0.7735206562.437397701,1.44605478-0.041225974,-0.477577264-0.041225974,-1.001169418-0.454329919,-0.716608465-0.833008536,-0.5458718930.234176657,0.876932873-0.006800645,0.387488033-0.72973255,-0.898727475-1.383813797,-0.967022104-0.041225974,0.865550435-0.626456563,-0.9556396660.027624684,1.024904569-0.798583207,-1.092228924-0.970709852,-0.614166522-0.075651302,0.319193405-1.418239126,-0.6596962750.612855274,-0.454812388-0.110076631,0.8883153110.612855274,1.389142589-0.247777946,-0.3637528830.406303301,0.8996977490.509579287,0.785873368-0.798583207,-0.921492352-0.110076631,-0.98978698-0.14450196,0.501312415-1.073985838,-0.830432847-1.211687153,-1.149141114-1.280537811,-1.001169418-0.557605906,-0.6141665220.13090067,0.603754358-0.592031235,-0.045044616-0.488755248,-0.80766797-0.970709852,-0.967022104-1.039560509,0.0801622041.198085864,1.161493826-0.075651302,0.717578739-0.454329919,0.8086382441.129235206,1.0476694450.406303301,-0.98978698-0.867433865,-0.5572543311.955443097,-0.989786980.234176657,-0.101956806-0.557605906,-0.7962855320.165325999,0.250898776-0.557605906,-0.9556396660.578429945,1.002139692-0.660881892,-0.3296055690.165325999,-0.9214923520.509579287,-0.1816338730.371877972,1.059051883-0.454329919,-0.819050408-0.110076631,-0.648313836-0.901859194,-0.6938435890.681705931,0.797255806-1.108411167,-1.023934295-0.006800645,1.2297884550.13090067,0.558224605-0.351053933,0.3305758434.434066772,1.833057676-0.110076631,1.685085980.303027315,0.9793748160.303027315,0.64928411-0.247777946,0.011867575-0.247777946,0.4785475380.957108562,1.525731846-0.936284523,-0.6710787130.71613126,0.933845064-0.660881892,-0.750755780.062050013,0.6606665490.337452643,0.558224605-0.660881892,-0.6824611510.234176657,1.0704343210.062050013,0.911080187-0.178927289,-0.762138218-1.00513518,-0.6824611510.406303301,1.5257318460.234176657,-0.113339244-0.592031235,-0.978404542-0.764157879,-0.340988007-0.14450196,-0.784903094-0.523180577,-0.1474865591.507913823,1.514349408-0.075651302,0.808638244-0.867433865,-0.910109913-0.282203275,-1.1149938-0.14450196,-1.251583057-0.316628604,-1.1491411140.647280603,1.4232899031.507913823,1.138728950.612855274,0.1826041470.406303301,0.956609940.475153959,1.2867006460.13090067,1.104581636-0.764157879,1.5712615990.888257904,0.990757254-0.660881892,-0.864580161-0.764157879,-0.614166522-0.351053933,-1.103611362-0.557605906,-0.62554896-0.72973255,-0.864580161-0.72973255,-1.0125518570.165325999,2.163148382-0.695307221,-0.910109913-0.833008536,-0.705226027-1.108411167,-0.955639666-0.316628604,-0.93287479-0.660881892,-0.727990903-0.764157879,-0.739373341-0.833008536,-1.046699171-0.110076631,-0.488959703-1.177261824,-0.944257228-0.936284523,-0.841815285-0.454329919,-0.796285532-0.557605906,0.22813391.748891125,1.2753182080.784981918,1.2980830840.062050013,-1.0011694182.093144413,1.1614938260.268601986,1.502966970.681705931,1.3094655220.681705931,1.286700646-0.798583207,-0.2271636260.475153959,-0.0108973011.02595922,1.5371142850.681705931,1.127346512-0.833008536,-0.386517759-0.798583207,-0.261310940.096475342,-0.1133392441.30136185,1.2639357690.303027315,0.842785559-0.592031235,-0.5572543310.371877972,1.411907465-0.901859194,-0.8873450374.743894731,1.537114285-0.867433865,-1.103611362-0.557605906,-0.671078713-0.867433865,-0.6824611512.816076318,1.4915845320.612855274,1.298083084-0.626456563,-0.7166084650.234176657,0.865550435-0.075651302,1.491584532-1.418239126,-0.6596962750.475153959,1.5940264751.852167111,1.3891425891.02595922,1.4915845320.819407247,1.502966971.02595922,1.457437218-0.006800645,-0.887345037-1.00513518,-1.012551857-1.31496314,-0.4320475120.268601986,1.0704343210.750556589,1.207023579-0.488755248,-1.0808464850.303027315,-0.1019568060.957108562,1.5484967230.371877972,0.8427855590.578429945,1.411907465-0.626456563,0.10292708-0.110076631,-0.8304328470.199751328,0.1484568330.475153959,1.4346723410.303027315,-0.989786980.957108562,1.320847960.957108562,1.3549952740.71613126,1.286700646-0.110076631,-0.7052260271.060384548,1.298083084-0.557605906,-1.2515830570.544004616,1.719233295-1.073985838,-0.98978698-0.695307221,-0.545871893-0.798583207,0.8883153111.30136185,0.865550435-0.110076631,-0.932874790.922683233,1.3663777130.888257904,1.320847961.748891125,1.2639357690.371877972,1.5143494080.888257904,1.309465522-0.901859194,-1.012551857-0.110076631,-0.841815285-0.178927289,-0.853197723-0.247777946,-0.727990903-0.936284523,-0.5458718930.578429945,-0.9556396661.02595922,1.639556228-1.073985838,-0.9556396661.232511192,1.4802020940.544004616,1.525731846-0.488755248,1.446054781.439063165,1.3549952740.509579287,1.502966970.991533891,1.1273465120.544004616,1.2639357690.303027315,1.2411708930.750556589,1.5826440370.44072863,1.3663777132.643949674,1.4232899030.544004616,1.252553331-0.557605906,0.9907572540.853832576,1.3322303980.268601986,1.3436128361.370212508,1.4915845320.612855274,1.298083084-0.660881892,-0.98978698-0.798583207,-1.262965495-1.142836496,-0.6369313981.783316453,1.4688196561.060384548,1.0362870071.02595922,1.2297884550.371877972,1.2411708930.612855274,1.229788455-0.454329919,-0.8304328470.44072863,1.2980830840.371877972,0.7517260540.647280603,0.7061963011.094809877,1.525731846-0.626456563,-1.1263762381.335787179,1.446054784.399641443,1.400525027-0.351053933,-0.7621382180.784981918,1.4802020940.371877972,0.831403123.539008223,1.3436128360.853832576,1.2070235791.094809877,1.5598791610.784981918,1.559879161-0.247777946,1.480202094-0.626456563,-0.3068406932.024293755,1.4005250270.922683233,1.4915845321.232511192,1.1842587031.198085864,1.3322303980.578429945,1.4232899032.712800331,1.3777601511.02595922,-1.1149938-0.523180577,-0.7279909030.062050013,-1.1605235520.062050013,-0.124721682-0.798583207,-1.17190599-0.488755248,-0.8531977231.163660535,1.3436128360.337452643,1.5598791610.371877972,0.9679923780.750556589,1.5712615991.439063165,1.4802020943.504582894,1.3663777132.884926975,0.8996977490.165325999,0.0687797660.750556589,0.5126948530.922683233,1.4802020943.057053619,1.3663777131.542339152,1.263935769-0.592031235,-0.545871893-0.282203275,-0.6027840840.681705931,-0.101956806-0.695307221,-0.739373341-0.213352618,-1.2060533051.198085864,0.455782662-0.695307221,-1.17190599-0.798583207,-1.046699171-1.280537811,-0.921492352-0.695307221,-0.967022104-0.006800645,0.023250013-0.351053933,-0.784903094-0.006800645,-0.113339244-0.660881892,-1.183288429-0.213352618,-0.477577264-0.006800645,-0.500342141-0.247777946,-0.375135321-0.075651302,-0.5231070171.094809877,0.77449093-0.764157879,-0.75075578-0.385479262,-1.0125518570.509579287,0.330575843-0.110076631,-0.284075816-0.592031235,-0.944257228-0.660881892,-0.853197723-0.798583207,-0.75075578-0.316628604,-0.750755780.612855274,0.808638244-0.316628604,-0.26131094-0.351053933,-0.932874790.475153959,0.216751461-0.213352618,-1.023934295-0.178927289,-0.238546064-0.041225974,-0.056427054-0.351053933,-0.158868997-0.72973255,-0.454812388-0.833008536,-0.5458718930.509579287,0.319193405-0.798583207,-0.7735206560.647280603,0.59237192-1.177261824,-1.046699171-0.626456563,-0.443429950.44072863,0.3533407190.337452643,-1.103611362-1.142836496,-0.864580161-0.419904591,-0.477577264-1.31496314,-0.659696275-0.454329919,-0.090574368-0.764157879,-0.8873450370.853832576,0.1256919560.44072863,-0.864580161-0.075651302,-1.0125518570.509579287,0.7289611770.13090067,-0.6938435890.750556589,1.434672341-0.178927289,0.933845064-0.247777946,-0.944257228-0.351053933,1.2184060170.268601986,0.0687797660.234176657,0.7858733680.371877972,1.423289903-0.213352618,-1.17190599-1.039560509,-1.1036113620.406303301,1.0021396920.165325999,0.114309518-0.867433865,-1.217435743-0.247777946,0.59237192-0.247777946,0.125691956-0.110076631,0.6948138631.370212508,1.309465522-0.523180577,-0.841815285-1.142836496,-1.0922289240.71613126,1.423289903-0.14450196,-0.022279739-0.385479262,-1.0011694180.303027315,-0.8759625990.303027315,1.093199197-0.626456563,-0.8531977230.13090067,-0.0108973010.13090067,0.740343615-0.488755248,-1.0694640470.096475342,-0.9784045420.062050013,-0.921492352-0.592031235,-0.580019208-0.660881892,0.3647231571.714465796,0.3078109670.027624684,-0.3068406930.475153959,-1.160523552-0.075651302,-0.0905743680.509579287,-1.2060533050.819407247,1.6054089130.165325999,0.6037543580.165325999,1.537114285-0.316628604,-1.285730372-0.419904591,0.2281339-0.316628604,0.8200206820.44072863,1.5484967231.473488494,-0.98978698-0.901859194,-0.7621382180.371877972,1.457437218-0.695307221,0.444400224-0.041225974,-0.636931398-0.075651302,-0.9214923520.062050013,1.0135221310.337452643,1.707850857-0.110076631,1.434672341-0.075651302,-0.6141665220.612855274,1.1501113880.750556589,1.150111388-0.075651302,1.4688196560.234176657,0.023250013-0.006800645,-1.274347934-0.110076631,0.4899299770.475153959,1.525731846-0.110076631,1.3891425890.027624684,0.603754358-0.523180577,-0.830432847-0.867433865,0.04601489-0.110076631,-0.7849030941.060384548,0.922462626-0.867433865,-0.6369313980.544004616,1.070434321-0.419904591,-0.671078713-0.385479262,-0.762138218-0.488755248,-1.2743479340.027624684,0.6834314250.303027315,-0.113339244-0.110076631,-0.215781187-1.177261824,-0.9214923521.266936521,0.9452275020.750556589,1.3436128360.509579287,1.4232899031.335787179,1.400525027-0.695307221,-0.875962599-0.901859194,-0.1816338730.337452643,0.6948138630.062050013,1.7989103621.507913823,1.2184060178.186427612,-1.0239342950.991533891,0.114309518-0.867433865,0.148456833-0.557605906,0.763108492-0.351053933,-0.8987274750.819407247,1.457437218-0.488755248,0.3761055950.199751328,-0.932874790.509579287,-0.8759625991.232511192,1.2411708932.334121714,-1.0011694180.027624684,0.205369023-0.833008536,-1.0125518570.44072863,1.1045816364.124238813,1.423289903-0.247777946,1.184258703-0.419904591,-0.98978698-1.039560509,-0.8304328470.096475342,0.205369023-1.349388468,-1.001169418-0.557605906,-0.9214923520.784981918,1.44605478-0.695307221,-1.0125518570.371877972,1.4232899030.578429945,1.81029280.13090067,1.434672341-0.213352618,-0.6369313980.853832576,-0.079191930.027624684,0.8996977491.370212508,1.434672341-0.72973255,-0.944257228-1.039560509,-0.170251435-0.178927289,-0.8190504081.680040467,1.27531820816.68948383,-1.058081609-1.383813797,-0.773520656-0.110076631,-1.0694640473.022628291,0.7972558060.784981918,1.4574372184.434066772,1.229788455-0.041225974,-0.8987274750.096475342,-1.11499380.44072863,-0.079191930.578429945,1.411907465-0.660881892,-1.2515830570.681705931,1.4346723410.612855274,0.8883153110.199751328,1.673703542-1.177261824,-1.023934295-1.280537811,-0.910109913-1.00513518,-1.1832884292.024293755,-0.8873450371.232511192,1.3094655220.578429945,1.423289903-0.970709852,-0.8190504080.096475342,-0.932874790.199751328,1.4119074650.234176657,0.922462626-0.247777946,-0.98978698-0.936284523,0.2167514610.165325999,1.4688196560.096475342,-1.012551857-0.385479262,0.102927080.819407247,1.4574372180.303027315,0.649284111.507913823,1.024904569-0.488755248,-0.1930163110.578429945,-0.3182231310.13090067,1.389142589-0.282203275,-0.261310941.30136185,1.4005250270.578429945,0.9793748160.234176657,-0.3409880071.163660535,-1.012551857-1.00513518,-0.8418152850.681705931,-0.2385460641.02595922,-0.921492352-0.867433865,0.46716510.165325999,-0.4206650740.234176657,0.125691956-1.073985838,-0.739373341-0.316628604,1.093199197-1.177261824,-0.727990903-1.211687153,-0.910109913-0.764157879,-1.11499380.337452643,1.0135221310.819407247,-1.058081609-0.316628604,-0.875962599-0.72973255,-0.0108973010.922683233,0.990757254-0.075651302,0.603754358-0.695307221,0.023250013-0.006800645,-0.2043987490.71613126,1.44605478-0.041225974,0.8996977490.612855274,-1.0694640474.675044074,1.241170893-0.626456563,-0.98978698-0.523180577,-0.26131094-1.00513518,-1.2174357430.819407247,1.457437218-1.349388468,-0.6824611510.991533891,0.205369023-1.108411167,-1.0466991710.647280603,1.2184060170.578429945,0.9793748161.060384548,1.354995274-1.00513518,-0.3523704453.848836182,1.389142589-0.626456563,-0.898727475-1.31496314,-1.2515830570.268601986,0.7972558060.44072863,1.286700646-0.351053933,-1.0466991710.475153959,1.343612836-0.075651302,4.85E-040.612855274,1.446054780.096475342,0.8427855590.681705931,1.434672341-1.246112482,-0.7962855321.02595922,1.434672341-0.110076631,-1.0808464851.439063165,1.3436128360.71613126,1.4346723410.406303301,0.683431425-1.039560509,-0.363752883-0.247777946,-0.989786980.199751328,0.478547538-0.006800645,-0.2840758160.027624684,1.4346723410.44072863,1.446054780.406303301,1.150111388-0.316628604,-0.807667971.542339152,0.7517260540.957108562,1.263935769-0.247777946,0.8427855590.027624684,0.6948138630.337452643,-0.0108973010.234176657,1.468819656-0.14450196,1.138728950.234176657,0.216751461-0.316628604,0.774490930.44072863,1.4802020940.991533891,1.44605478-0.901859194,-0.6369313980.13090067,1.5940264750.957108562,0.1826041470.199751328,0.956609940.578429945,1.468819656-0.282203275,0.091544642-0.14450196,-0.602784084-0.454329919,-0.329605569-0.970709852,-1.0580816091.473488494,-0.989786980.234176657,0.820020682-0.282203275,-1.0922289240.337452643,0.1484568330.337452643,1.4005250270.303027315,0.5582246050.647280603,-0.136104121-0.592031235,-0.796285532-0.110076631,0.5696070430.819407247,1.4346723410.888257904,0.102927080.612855274,1.343612836-0.523180577,-0.887345037-1.418239126,-1.069464047-0.075651302,0.945227502-0.764157879,-0.3409880070.062050013,-0.7393733410.544004616,1.1956411414.227514799,-1.0466991710.578429945,1.3322303980.234176657,-0.261310940.922683233,-0.989786980.888257904,0.751726054-0.075651302,-0.4775772640.13090067,-0.2954582541.163660535,1.662321104-0.557605906,-0.6141665220.268601986,0.945227502-0.006800645,1.2525533310.681705931,-0.249928502-0.282203275,-0.7735206560.888257904,1.4574372180.681705931,0.3419582811.198085864,0.580989482-0.419904591,-0.9214923520.062050013,1.44605478-0.626456563,-0.9214923520.337452643,1.446054780.578429945,1.423289903-1.108411167,-0.8645801610.371877972,1.13872895-1.108411167,1.411907465-0.075651302,-0.0905743680.647280603,1.400525027-0.72973255,-1.069464047-0.419904591,-0.4320475123.470157565,1.582644037-0.72973255,-0.955639666-0.419904591,-1.2515830570.234176657,-0.0222797390.406303301,1.5143494081.02595922,0.8655504350.371877972,1.218406017-0.213352618,1.6395562280.027624684,-1.0125518570.165325999,-0.9214923520.957108562,-1.1263762380.71613126,1.468819656-0.72973255,-0.409282636-0.626456563,-1.1149938-0.557605906,-0.9214923520.096475342,-0.3865177590.922683233,1.252553331-0.282203275,0.876932873-0.006800645,1.2411708930.406303301,-0.3865177590.44072863,-0.1474865590.165325999,0.683431425-0.247777946,-1.0239342950.578429945,1.548496723-0.72973255,-1.103611362-0.764157879,-1.001169418-0.075651302,-0.7052260271.094809877,1.400525027-0.488755248,-1.080846485-0.695307221,-0.534489455-1.418239126,-0.864580161-0.316628604,0.77449093-0.247777946,-1.0125518573.229180264,1.44605478-0.660881892,-0.659696275-0.488755248,-0.8190504080.062050013,1.013522131-0.660881892,-1.1149938-0.695307221,-0.8645801610.337452643,0.580989482-0.695307221,-1.0466991710.922683233,1.491584532-0.316628604,-0.8987274752.402972372,-0.898727475-0.041225974,1.423289903-0.592031235,0.558224605-0.385479262,-1.183288429-0.178927289,-0.705226027-0.247777946,-0.762138218-0.006800645,0.64928411-0.454329919,0.603754358-0.936284523,-0.6596962751.817741782,1.5371142853.539008223,-0.921492352-0.936284523,-1.0125518570.71613126,1.423289903-0.075651302,1.1045816360.475153959,-0.0450446162.334121714,-0.932874791.404637836,1.62817379-0.523180577,0.569607043-0.695307221,-0.819050408-1.349388468,-1.2060533050.337452643,0.8883153110.199751328,-0.1019568060.371877972,0.6265192340.165325999,0.6379016720.544004616,1.4688196560.13090067,0.967992378-0.006800645,1.446054780.647280603,1.1842587030.681705931,1.5484967230.888257904,1.309465522-0.626456563,-0.921492352-0.970709852,-0.910109913-0.867433865,0.1826041470.475153959,0.7061963010.544004616,-0.8873450370.544004616,-0.9784045420.337452643,1.3094655220.371877972,1.1728762640.853832576,1.434672341-0.075651302,0.626519234-0.419904591,-0.591401646-0.695307221,-0.8873450370.371877972,1.4915845320.578429945,-0.9214923521.335787179,1.5143494080.165325999,-0.3865177590.544004616,1.5940264750.199751328,-1.069464047-1.039560509,-0.887345037-0.075651302,1.548496723-1.177261824,-0.8759625990.13090067,1.491584532-0.351053933,-0.75075578-0.351053933,-1.0922289240.888257904,1.423289903-0.592031235,-0.8531977230.784981918,0.9338450640.957108562,1.2525533311.852167111,1.4688196560.750556589,0.933845064-0.14450196,-0.98978698-0.385479262,-0.409282636-0.282203275,-1.206053305-0.006800645,0.262281214-0.764157879,-0.727990903-1.142836496,-0.682461151-0.247777946,-0.978404542-0.282203275,-0.921492352-0.72973255,-1.046699171-0.213352618,-0.022279739-0.626456563,-0.796285532-0.419904591,-0.727990903-1.073985838,-1.1491411140.509579287,-1.17190599-0.936284523,-1.0808464851.163660535,-0.910109913-0.764157879,-0.9442572282.919352304,1.047669445-0.178927289,-1.183288429-0.385479262,-0.9442572281.30136185,-1.1491411143.298030921,-0.705226027-0.660881892,-1.0466991710.578429945,1.480202094-0.488755248,-1.217435743-0.901859194,-1.046699171-0.351053933,-0.9442572280.612855274,0.956609941.714465796,1.4574372180.750556589,-0.5117245790.853832576,1.059051883-1.039560509,-1.046699171-0.14450196,-0.2271636260.027624684,0.683431425-0.385479262,-0.7735206560.475153959,0.728961177-0.798583207,-0.671078713-0.282203275,-1.001169418-0.075651302,0.1712217091.02595922,1.44605478-0.385479262,-0.5914016461.094809877,1.2980830840.647280603,-1.069464047-0.936284523,-0.864580161-0.178927289,-0.534489455-0.110076631,-1.103611362-1.039560509,-1.0353167331.094809877,-0.819050408-1.073985838,-1.11499382.437397701,1.411907465-0.695307221,-1.012551857-0.901859194,-0.432047512-0.351053933,-1.035316733-1.383813797,-0.9556396663.263605592,1.320847960.544004616,1.218406017-0.247777946,-1.001169418-0.833008536,0.034632451-1.31496314,-1.046699171-0.488755248,-0.7962855320.71613126,0.4899299774.296365457,1.446054780.509579287,0.865550435-0.764157879,-1.1832884290.027624684,1.172876264-0.247777946,-0.9442572280.268601986,0.3305758431.094809877,-0.921492352-0.660881892,-0.6710787132.093144413,1.491584532-0.660881892,-0.93287479-0.178927289,-1.17190599-0.075651302,-1.126376238-0.385479262,-0.6596962751.714465796,1.582644037-0.626456563,-0.3637528830.13090067,1.218406017-0.970709852,-1.137758676-1.383813797,-0.80766797-0.14450196,0.2167514610.71613126,1.2639357690.406303301,-0.921492352-0.557605906,-0.784903094-1.073985838,-0.682461151-1.383813797,-0.682461151-0.970709852,-0.80766797-0.523180577,-1.0466991710.199751328,0.1712217090.475153959,0.2395163384.709469402,1.44605478-1.177261824,-0.4548123880.337452643,0.41025291-0.660881892,-0.830432847-0.178927289,-1.1605235520.13090067,0.410252912.816076318,-0.944257228-0.695307221,-0.807667970.406303301,-0.693843589-0.695307221,-0.7849030940.371877972,0.876932873-0.764157879,-1.17190599-1.211687153,-0.693843589-1.418239126,-1.183288429-0.867433865,-1.2857303720.71613126,0.4216353480.957108562,0.524077291-0.075651302,-1.160523552-0.454329919,-0.500342141-0.006800645,-0.955639666-0.764157879,0.296428528-0.351053933,-1.0239342950.062050013,-1.1149938-1.246112482,-0.944257228-0.936284523,-1.0922289245.225849335,-0.819050408-1.280537811,-0.8987274750.922683233,-0.93287479-0.282203275,-1.012551857-0.660881892,-0.921492352-1.246112482,-0.6141665221.955443097,0.83140312-0.523180577,-0.841815285-1.177261824,-0.853197723-0.178927289,-0.727990903-0.557605906,-0.841815285-0.454329919,-0.910109913-0.351053933,-0.625548960.922683233,1.44605478-0.523180577,-0.944257228-0.592031235,-0.853197723-0.351053933,-0.80766797-0.764157879,-0.898727475-0.626456563,-1.092228924-0.764157879,-0.784903094-0.419904591,-0.602784084-1.00513518,-0.98978698-0.282203275,-1.160523552-0.626456563,-1.251583057-1.31496314,-0.7166084650.509579287,-0.580019208-0.14450196,-0.921492352-0.592031235,-0.6824611510.199751328,-0.8759625990.888257904,1.480202094-1.142836496,-0.8190504081.817741782,1.525731846-0.110076631,1.1501113881.955443097,1.354995274-0.592031235,-1.183288429-0.901859194,-0.56863677-0.041225974,-1.092228924-0.247777946,-0.98978698-0.419904591,-0.967022104-1.039560509,-1.206053305-0.488755248,-0.8873450371.611189809,-0.7166084651.852167111,1.502966971.955443097,1.4005250270.71613126,1.275318208-0.385479262,-0.557254331-0.523180577,-0.648313836-0.72973255,-0.6938435890.44072863,-0.659696275-1.383813797,-0.750755780.096475342,-0.477577264-0.764157879,-1.183288429-0.798583207,-1.285730372-0.764157879,-1.217435743-0.419904591,-1.058081609-0.385479262,-1.058081609-0.626456563,-1.126376238-0.213352618,0.3191934050.303027315,0.489929977-0.695307221,-1.137758676-0.592031235,-1.2060533050.647280603,0.751726054-1.383813797,-1.240200619-0.110076631,0.694813863-0.660881892,-1.194670867-0.867433865,-0.989786980.165325999,0.5013124152.093144413,0.956609940.303027315,-1.035316733-0.867433865,-1.149141114-0.867433865,-0.762138218-1.177261824,-1.206053305-0.72973255,-1.183288429-1.418239126,-0.762138218-1.177261824,-1.262965495-0.523180577,-1.1149938-1.31496314,-1.206053305-1.211687153,-0.796285532-0.557605906,-1.1605235520.991533891,0.376105595-0.557605906,-1.069464047-0.419904591,-1.012551857-0.833008536,-1.069464047-0.178927289,0.569607043-0.626456563,-1.092228924-0.247777946,-0.602784084-0.72973255,-0.9670221040.612855274,0.296428528-1.177261824,-1.092228924-0.72973255,-0.557254331-0.282203275,-0.8304328471.060384548,0.7403436150.44072863,0.911080187-0.936284523,-0.93287479-1.211687153,-1.17190599-0.867433865,-0.6141665221.232511192,-1.137758676-0.385479262,-1.206053305-0.110076631,0.171221709-0.488755248,-0.944257228-1.211687153,-1.035316733-0.523180577,-1.17190599-0.557605906,-0.693843589-0.557605906,-1.160523552-0.833008536,-0.853197723-0.867433865,-1.251583057-1.246112482,-0.8987274750.337452643,0.5126948530.44072863,0.8769328730.234176657,0.319193405-1.142836496,-0.932874790.13090067,-1.1605235520.957108562,0.967992378-1.418239126,-0.580019208-0.798583207,-1.285730372-1.383813797,-1.1491411140.234176657,-1.194670867-0.626456563,-1.023934295-1.00513518,-1.092228924-0.110076631,-1.137758676-0.557605906,-1.308495248-0.592031235,-0.8645801610.475153959,-1.001169418-0.592031235,-0.967022104-0.041225974,-1.29711281-0.282203275,-1.080846485-0.764157879,-1.1263762380.337452643,-0.98978698-0.833008536,-1.058081609-0.901859194,-1.285730372-1.039560509,-1.319877686-1.349388468,-1.0922289240.991533891,-0.898727475-0.867433865,-1.137758676-0.592031235,-1.137758676-0.110076631,-1.1149938-0.14450196,-0.932874790.13090067,0.7517260542.712800331,-0.8987274750.234176657,0.41025291-0.075651302,-0.864580161-0.72973255,-1.1491411143.470157565,1.252553331-0.798583207,-1.126376238-0.660881892,-1.069464047-1.039560509,-1.217435743-0.660881892,-1.183288429-0.488755248,-1.1377586762.643949674,0.911080187-0.626456563,-1.1036113623.435732236,0.865550435-0.178927289,-1.1946708670.612855274,1.002139692-0.901859194,-0.534489455-0.247777946,-0.113339244-1.177261824,-0.9670221041.02595922,-1.262965495-0.454329919,-0.955639666-0.764157879,-1.0125518570.371877972,-0.967022104-1.00513518,-1.1036113621.02595922,-1.0011694180.165325999,1.252553331-0.075651302,-1.0808464850.268601986,1.263935769-0.385479262,-0.693843589-1.00513518,-0.819050408-0.72973255,-1.17190599-0.798583207,-1.1149938-0.006800645,-0.705226027-0.454329919,-0.306840693-0.14450196,-0.773520656-1.142836496,-1.160523552-0.14450196,-1.023934295-0.178927289,-0.9101099130.922683233,0.9110801871.02595922,0.763108492-0.041225974,0.341958281-0.72973255,-0.215781187-1.418239126,-1.1149938-0.454329919,-1.285730372-0.316628604,-1.080846485-1.211687153,-0.955639666-0.592031235,-0.978404542-0.351053933,-0.978404542-0.592031235,-0.614166522-1.073985838,-1.1946708671.473488494,0.080162204-0.247777946,-0.955639666-0.488755248,-0.875962599-0.385479262,-1.217435743-0.764157879,-0.432047512-0.316628604,-1.194670867-0.454329919,-0.762138218-0.901859194,-1.171905990.234176657,-1.137758676-1.073985838,-0.9214923520.062050013,0.182604147-0.419904591,-0.9670221040.337452643,-0.9784045420.853832576,1.2297884551.02595922,0.683431425-0.626456563,-0.762138218-0.592031235,-1.0466991710.544004616,0.990757254-0.178927289,-1.103611362-0.660881892,-1.080846485-0.901859194,-0.739373341-0.178927289,-0.215781187-0.488755248,-0.784903094-0.660881892,-0.819050408-0.592031235,-0.4661948262.575099016,1.184258703-1.00513518,-1.126376238-0.901859194,-1.046699171-1.246112482,-1.0466991710.199751328,-1.023934295-0.833008536,-1.080846485-0.282203275,-1.126376238-1.142836496,-1.240200619-0.247777946,-1.080846485-1.142836496,-1.023934295-0.695307221,-1.251583057-0.213352618,-1.103611362-0.626456563,-1.103611362-0.660881892,-1.228818181-0.695307221,-0.955639666-0.282203275,-1.1149938-0.970709852,-1.17190599-0.833008536,-0.898727475-0.178927289,-0.978404542-0.764157879,-0.614166522-0.764157879,-1.149141114-1.108411167,-1.206053305-0.592031235,-0.750755780.406303301,0.3078109670.647280603,0.854167997-0.798583207,-1.217435743-0.626456563,-0.910109913-0.833008536,-0.56863677-1.280537811,-0.8873450370.371877972,0.5013124151.266936521,1.4346723410.991533891,0.4899299772.334121714,0.364723157-0.901859194,-1.17190599-0.213352618,-0.910109913-1.280537811,-1.0011694180.750556589,0.751726054-0.14450196,-0.887345037-0.006800645,-1.0466991711.439063165,0.637901672-0.178927289,-1.0580816090.234176657,1.50296697-0.867433865,-1.29711281-1.418239126,-1.183288429-0.488755248,-1.160523552-0.626456563,-1.058081609-0.523180577,0.660666549-1.418239126,-0.238546064-0.764157879,-0.9670221040.303027315,-1.035316733-0.798583207,-1.308495248-0.075651302,-0.819050408-0.178927289,-1.2857303720.544004616,-1.1149938-1.383813797,-0.98978698-0.72973255,-0.9214923520.406303301,-1.058081609-1.418239126,-0.705226027-0.419904591,-0.9784045421.129235206,0.728961177-0.316628604,-1.183288429-0.282203275,-1.2743479340.371877972,0.6151367961.129235206,0.706196301-1.280537811,-1.308495248-0.970709852,-1.1946708670.13090067,0.319193405-0.936284523,-1.183288429-0.695307221,-0.693843589-0.901859194,-0.864580161-1.142836496,-1.0922289240.578429945,0.6151367960.853832576,0.7289611770.096475342,0.421635348-1.246112482,-1.1149938-0.523180577,-1.297112811.645615138,0.7858733680.957108562,1.2411708930.853832576,0.489929977-0.316628604,-0.944257228-0.592031235,-1.274347934-1.00513518,-1.160523552-1.418239126,-1.0125518570.234176657,0.216751461-0.178927289,-1.11499380.13090067,-1.1946708670.199751328,0.455782662-0.798583207,-0.6141665220.303027315,0.7403436150.578429945,-1.1149938-0.833008536,-0.682461151-0.695307221,-0.864580161-0.351053933,-1.2402006190.406303301,0.626519234-0.385479262,-0.978404542-1.142836496,-1.171905990.888257904,0.672048987-0.798583207,-1.217435743-0.833008536,-1.206053305-0.660881892,-0.967022104-0.316628604,1.1728762640.681705931,-1.023934295-1.039560509,-0.739373341-0.178927289,0.854167997-0.523180577,-1.251583057-1.31496314,-1.0694640470.475153959,0.7972558060.406303301,0.3419582810.027624684,-1.2288181812.024293755,1.434672341-0.419904591,-1.0125518571.645615138,1.389142589-0.660881892,-1.0125518570.647280603,0.41025291-0.14450196,-0.557254331-0.14450196,0.068779766-1.039560509,-0.716608465-0.695307221,-1.228818181-0.523180577,-1.149141114-0.316628604,-0.8645801611.266936521,0.5468421672.16199507,1.434672341-0.833008536,-1.0694640472.093144413,0.8200206820.922683233,0.626519234-0.557605906,-1.0125518570.578429945,0.4444002240.303027315,0.83140312-0.833008536,-1.217435743-1.246112482,-0.978404542-1.073985838,-1.1149938-1.108411167,-1.0694640471.30136185,1.3094655222.16199507,0.455782662-0.936284523,-0.9784045420.199751328,0.41025291-0.454329919,-1.29711281-0.660881892,-1.0808464850.991533891,0.250898776-0.695307221,-1.0694640470.13090067,-0.181633873-0.626456563,-1.103611362-0.592031235,-1.1149938-0.72973255,-1.035316733-0.626456563,-0.500342141-0.764157879,-1.023934295-0.419904591,-0.773520656-1.00513518,-0.80766797-0.523180577,-0.93287479-0.316628604,-1.2515830570.681705931,1.332230398-0.936284523,-0.887345037-0.592031235,-1.069464047-1.073985838,-1.194670867-0.901859194,-0.773520656-0.72973255,-0.841815285-1.383813797,-1.001169418-1.418239126,-0.44342995-0.419904591,-1.080846485-0.660881892,-1.160523552-0.626456563,-0.5572543310.71613126,0.83140312-0.213352618,-0.9214923520.406303301,0.489929977-0.316628604,-1.069464047-0.316628604,-0.8987274750.612855274,0.2736636520.750556589,0.068779766-0.695307221,-0.511724579-1.108411167,-0.864580161-0.213352618,-0.1588689970.027624684,0.3874880330.371877972,0.364723157-0.764157879,-0.887345037-1.211687153,-0.477577264-0.901859194,-1.240200619-0.592031235,-1.092228924-0.006800645,-0.614166522-0.764157879,-1.080846485-1.177261824,-0.9784045420.027624684,-0.93287479-0.72973255,-0.727990903-1.349388468,-1.137758676-0.454329919,-0.93287479-0.798583207,-0.671078713-0.282203275,-1.058081609-0.660881892,-0.318223131-1.349388468,-0.944257228-0.592031235,-1.1377586760.062050013,0.307810967-0.833008536,-1.0580816090.44072863,0.433017786-0.936284523,-0.727990903-0.006800645,-0.921492352-0.798583207,-0.898727475-0.970709852,-1.217435743-1.211687153,-1.012551857-0.833008536,-1.080846485-0.936284523,-0.739373341-0.351053933,-0.2726933780.199751328,0.216751461-0.351053933,-1.092228924-0.041225974,-0.9442572280.612855274,0.1826041470.44072863,-0.841815285-1.00513518,-0.910109913-0.523180577,-0.7621382180.199751328,0.330575843-0.14450196,-1.058081609-1.073985838,-0.727990903-0.282203275,-0.8418152850.681705931,0.410252910.165325999,-0.056427054-0.833008536,-0.511724579-0.764157879,-1.1605235520.027624684,-0.762138218-0.72973255,-0.93287479-0.626456563,-0.944257228-1.108411167,-1.058081609-0.970709852,-1.206053305-1.073985838,-0.796285532-0.901859194,-1.194670867-0.006800645,-0.1930163110.922683233,0.5696070430.612855274,-0.853197723-1.108411167,-1.29711281-0.764157879,-0.659696275-0.557605906,-1.1946708670.509579287,0.740343615-0.14450196,-0.8873450371.02595922,0.2281339-1.142836496,-1.1491411140.027624684,-1.137758676-0.316628604,-0.8304328470.13090067,0.3191934050.612855274,0.6379016720.337452643,-0.705226027-0.798583207,-0.7735206560.406303301,0.421635348-0.764157879,-1.206053305-1.349388468,-1.0125518571.542339152,0.615136796-0.282203275,-1.1149938-1.349388468,-1.149141114-0.695307221,-0.8873450370.027624684,0.148456833-1.211687153,-0.955639666-1.418239126,-0.819050408-0.626456563,-0.6369313980.13090067,-0.7962855321.198085864,0.7972558060.371877972,0.489929977-1.349388468,-1.297112810.303027315,0.6037543580.784981918,0.524077291-1.349388468,0.421635348-0.075651302,0.820020682-0.936284523,-0.830432847-0.351053933,-1.1149938-0.316628604,-0.978404542-0.72973255,-0.80766797-0.626456563,-1.092228924-1.280537811,-1.0239342950.268601986,0.239516338-0.488755248,-1.149141114-1.383813797,-0.090574368-0.419904591,-0.500342141-0.523180577,-1.023934295-0.72973255,-1.1149938-0.557605906,-1.0580816090.406303301,-0.853197723-0.867433865,-1.0808464850.303027315,0.3305758430.165325999,0.319193405-0.626456563,-0.659696275-1.383813797,-1.001169418-0.695307221,-0.6710787130.681705931,-0.853197723-0.041225974,-1.17190599-0.695307221,-0.762138218-1.073985838,-1.2743479340.13090067,0.057397328-1.108411167,-0.75075578-0.385479262,-0.671078713-0.867433865,-0.466194826-1.418239126,-1.206053305-0.867433865,-0.910109913-0.867433865,-1.103611362-0.282203275,-0.238546064-0.798583207,-1.308495248-1.039560509,-0.898727475-0.282203275,-0.659696275-0.454329919,-0.967022104-1.246112482,-1.092228924-0.592031235,-0.8531977230.475153959,0.854167997-0.14450196,0.728961177-0.970709852,-1.240200619-0.72973255,-1.080846485-0.247777946,-0.3637528830.475153959,-1.0808464850.406303301,0.28504609-0.557605906,-0.773520656-0.523180577,-0.989786980.922683233,0.398870472-1.211687153,-0.56863677-0.798583207,-1.274347934-0.178927289,-0.9670221040.062050013,0.694813863-0.488755248,-0.6824611511.060384548,-0.033662177-1.246112482,-0.8987274750.544004616,0.28504609-0.936284523,-1.0466991710.303027315,0.672048987-1.177261824,-0.819050408-0.936284523,-0.921492352-0.488755248,-0.773520656-0.523180577,-0.944257228-0.075651302,0.319193405-1.039560509,-1.240200619-1.142836496,-0.636931398-1.00513518,-1.103611362-0.351053933,-0.967022104-0.557605906,-1.0353167330.612855274,0.239516338-0.833008536,-1.126376238-1.418239126,-1.251583057-0.14450196,-1.11499380.44072863,0.83140312-0.385479262,-0.7735206560.13090067,-0.580019208-0.557605906,-0.762138218-0.006800645,-1.29711281-1.108411167,-1.001169418-0.488755248,-0.8418152850.612855274,0.7061963010.268601986,0.546842167-1.383813797,-0.898727475-1.383813797,-1.046699171-0.247777946,-1.251583057-0.592031235,-1.012551857-0.316628604,0.1598392710.578429945,4.85E-04-0.041225974,0.7175787390.165325999,0.8769328730.44072863,0.3988704722.47182303,0.387488033-0.213352618,-0.6483138361.30136185,0.353340719-0.316628604,-1.103611362-0.282203275,-0.739373341-1.349388468,-1.285730372-0.867433865,-0.887345037-0.592031235,-1.1149938-0.936284523,-1.103611362-0.901859194,-0.682461151-1.418239126,-0.739373341-0.72973255,-0.693843589-0.041225974,-0.93287479-0.970709852,-0.967022104-0.213352618,-0.887345037-0.592031235,-1.012551857-0.006800645,0.398870472-1.039560509,-0.7849030940.303027315,0.296428528-0.764157879,-1.1149938-1.142836496,-0.887345037-1.039560509,-0.93287479-0.695307221,-0.9784045420.303027315,0.239516338-0.833008536,-0.671078713-0.557605906,-0.249928502-0.660881892,-0.545871893-0.419904591,-0.75075578-0.282203275,-1.3084952480.096475342,0.296428528-1.31496314,-1.103611362-0.454329919,-1.137758676-0.488755248,-0.636931398-0.695307221,-1.080846485-1.418239126,-0.944257228-0.488755248,-0.784903094-1.246112482,-1.17190599-0.247777946,0.3078109672.47182303,0.148456833-0.316628604,-1.0580816090.062050013,-0.409282636-0.178927289,-1.1149938-1.142836496,-0.944257228-0.592031235,-1.194670867-0.626456563,-1.160523552-1.142836496,-0.9556396660.062050013,0.546842167-0.523180577,0.182604147-0.833008536,-0.853197723-1.383813797,-1.023934295-0.041225974,-0.033662177-0.626456563,-0.557254331-1.00513518,-0.978404542-1.280537811,-1.11499380.853832576,-0.204398749-0.523180577,0.171221709-1.177261824,-0.910109913-0.72973255,-1.262965495-0.626456563,-1.069464047-0.282203275,0.1484568330.199751328,-1.1263762380.647280603,-0.4320475121.473488494,-0.2385460640.612855274,0.330575843-0.488755248,-0.9556396660.096475342,-0.98978698-0.901859194,-0.841815285-1.177261824,-1.149141114-0.419904591,-1.0353167330.406303301,0.376105595-1.039560509,-1.1149938-0.178927289,-0.067809492-0.14450196,-0.887345037-0.592031235,-1.2288181811.02595922,-1.2402006190.13090067,-0.841815285-0.695307221,-0.784903094-0.523180577,-1.0011694180.303027315,0.341958281-1.142836496,-0.6141665220.234176657,0.592371920.853832576,0.2167514610.234176657,0.398870472-0.282203275,-0.62554896-0.72973255,-0.7735206560.268601986,0.59237192-1.177261824,1.571261599-0.592031235,-1.092228924-0.488755248,-0.4092826360.475153959,0.717578739-0.798583207,-0.978404542-1.246112482,-0.716608465-1.246112482,-0.9556396660.303027315,0.797255806-1.00513518,-1.046699171-0.695307221,-1.262965495-1.073985838,-1.035316733-0.351053933,-0.853197723-0.695307221,-0.580019208-0.041225974,-0.967022104-0.798583207,-0.8645801610.44072863,-1.103611362-1.246112482,-1.274347934-0.970709852,-0.671078713-0.178927289,-0.352370445-0.798583207,-0.955639666-0.488755248,0.171221709-0.282203275,-1.0922289240.819407247,0.5013124153.022628291,0.706196301-0.419904591,-0.477577264-0.385479262,-1.194670867-1.280537811,-1.149141114-0.14450196,-1.251583057-1.108411167,-1.035316733-0.764157879,-0.978404542-0.419904591,-0.238546064-0.351053933,-0.682461151-0.247777946,-0.898727475-0.523180577,-0.693843589-0.970709852,-0.819050408-0.592031235,-0.500342141-0.351053933,-0.93287479-0.213352618,4.85E-040.165325999,-0.93287479-0.454329919,-1.11499380.234176657,0.353340719-0.764157879,-0.614166522-0.660881892,-0.5117245790.165325999,-0.967022104-0.936284523,-1.1263762381.266936521,0.421635348-0.867433865,-0.8190504081.163660535,-0.6596962750.303027315,0.364723157-1.073985838,-1.137758676-0.557605906,-0.523107017-0.695307221,-0.841815285-0.901859194,-1.058081609-0.72973255,-1.103611362-1.177261824,-0.671078713-1.073985838,-0.978404542-0.72973255,-1.251583057-0.72973255,-0.978404542-0.695307221,-0.7621382180.647280603,0.2281339-0.970709852,-1.035316733-1.418239126,-0.3182231310.475153959,0.262281214-0.419904591,-0.955639666-0.867433865,-1.194670867-0.626456563,-0.944257228-0.626456563,-0.500342141-1.280537811,-1.274347934-0.695307221,-0.705226027-1.31496314,-0.648313836-0.419904591,-0.921492352-1.383813797,-1.023934295-0.764157879,-1.035316733-1.108411167,-0.830432847-0.867433865,-0.93287479-0.316628604,-1.035316733-1.142836496,-1.262965495-1.039560509,-1.217435743-0.213352618,-0.955639666-1.00513518,-0.978404542-0.385479262,-1.149141114-0.833008536,-1.137758676-0.006800645,-0.010897301-0.798583207,-1.183288429-0.488755248,-0.75075578-0.901859194,-0.56863677-0.626456563,-0.8873450370.027624684,-0.62554896-0.282203275,0.2964285281.266936521,0.4671651-0.626456563,-0.864580161-0.970709852,-1.183288429-0.867433865,-1.1491411140.199751328,1.320847962.575099016,1.50296697-0.213352618,-0.8645801610.853832576,1.3891425890.303027315,1.616791351-0.523180577,-1.0353167330.71613126,1.525731846-0.213352618,-0.989786980.475153959,1.5484967230.681705931,1.3436128361.370212508,1.446054781.439063165,1.2867006460.165325999,-0.1588689970.44072863,1.4005250270.784981918,1.2867006461.370212508,1.5143494084.881596046,1.2980830840.681705931,1.104581636-1.349388468,-0.5344894552.058719084,1.3322303980.062050013,1.3322303983.366881579,1.4119074650.922683233,1.6395562280.303027315,1.3663777132.781650989,1.7306157330.199751328,1.6395562282.093144413,1.3322303983.60785888,-0.545871893-0.316628604,1.070434321-0.454329919,-1.1036113620.234176657,-0.8987274750.234176657,1.411907465-0.764157879,-0.727990903-0.523180577,-0.8418152850.544004616,1.3663777134.537342758,1.3436128364.916021375,1.32084796-0.798583207,-0.3865177590.371877972,1.4574372181.473488494,1.5940264750.303027315,-0.932874791.507913823,1.446054780.750556589,1.628173790.337452643,-0.875962599-0.316628604,-1.0353167330.165325999,1.5940264750.303027315,-0.8759625990.303027315,-0.8304328470.819407247,1.5598791610.199751328,1.5371142851.955443097,1.5371142852.919352304,1.4574372180.303027315,-1.0239342950.475153959,1.2411708931.370212508,1.50296697-0.488755248,1.298083084-0.867433865,-0.9784045420.062050013,-0.8645801611.507913823,-1.0808464850.681705931,1.548496723-0.316628604,-0.158868997-0.557605906,-0.8531977230.750556589,1.5712615990.13090067,-0.375135321-0.523180577,1.5371142850.957108562,1.5371142851.02595922,2.0265591240.027624684,-0.7166084651.129235206,1.434672341-0.385479262,-0.93287479-0.626456563,1.320847965.776654596,-0.864580161-0.660881892,0.4785475381.852167111,-0.841815285-1.039560509,-0.6938435891.748891125,1.4005250270.647280603,1.5484967230.475153959,1.2639357690.475153959,1.263935769-0.764157879,-0.1930163110.062050013,1.50296697-0.867433865,-0.80766797-0.213352618,-0.284075816-0.454329919,-0.5117245790.71613126,1.5371142851.714465796,1.5257318461.02595922,-0.75075578-1.211687153,-0.910109913-0.110076631,-0.8531977230.337452643,-1.171905990.750556589,-0.796285532-0.351053933,-0.807667970.44072863,1.5484967230.647280603,1.3322303980.991533891,1.298083084-0.867433865,-1.0239342950.475153959,1.514349408-0.351053933,-0.796285532-0.626456563,-0.8190504080.922683233,1.229788455-0.178927289,-0.8987274751.955443097,1.5257318460.199751328,1.1956411411.507913823,1.4688196560.647280603,0.8883153110.165325999,-0.9101099130.13090067,-0.9670221043.539008223,1.3094655220.853832576,1.491584532-1.211687153,-0.8190504083.022628291,1.3891425891.060384548,1.400525027-0.454329919,0.512694853-0.970709852,-0.7735206561.989868426,0.512694853-0.385479262,-0.8531977230.096475342,0.922462626-0.316628604,1.3436128360.612855274,1.320847960.509579287,1.4915845320.13090067,-1.1832884291.094809877,1.2753182082.575099016,0.694813863-0.178927289,1.2753182080.027624684,0.0118675750.13090067,1.2639357690.647280603,1.5826440371.335787179,1.3549952740.647280603,1.4346723411.439063165,1.1842587032.678375003,1.2639357692.196420399,1.3663777130.44072863,1.3436128360.475153959,1.1842587030.371877972,1.4574372181.748891125,1.354995274-0.833008536,-1.228818181-0.557605906,-0.8304328470.681705931,-1.0694640472.712800331,1.2070235790.268601986,-0.6483138360.819407247,0.911080187-0.419904591,-1.206053305-0.523180577,-0.5800192080.819407247,0.0915446420.165325999,-0.93287479-0.626456563,-1.1377586761.129235206,-0.1133392440.819407247,1.5940264750.199751328,1.32084796-0.660881892,-1.0694640474.434066772,1.4915845320.027624684,-0.841815285-0.075651302,1.0704343210.853832576,-0.841815285-0.075651302,-0.2157811870.268601986,0.8769328731.439063165,1.2070235790.234176657,-1.0580816091.02595922,1.2525533310.578429945,1.537114285-0.798583207,-0.8645801611.02595922,0.1256919560.199751328,1.5371142850.303027315,-1.2629654950.578429945,1.3094655220.544004616,-1.046699171-0.488755248,-0.7735206560.199751328,1.4119074650.13090067,-0.739373341-1.108411167,-0.397900198-1.142836496,-1.0922289240.062050013,-0.1019568061.163660535,1.3891425895.260274663,1.2070235791.370212508,0.876932873-1.073985838,-0.9556396660.71613126,1.2297884552.334121714,1.4232899032.575099016,1.4688196562.093144413,1.2297884552.058719084,1.4005250271.232511192,1.4574372180.544004616,1.5712615992.712800331,1.32084796-0.764157879,-0.8987274750.819407247,1.2980830840.819407247,1.298083084-0.454329919,-0.727990903-0.14450196,-1.285730372-0.557605906,0.820020682-0.178927289,0.8883153110.062050013,0.489929977-0.282203275,0.899697749-0.316628604,-0.329605569-0.213352618,0.205369023-0.213352618,0.512694853-0.247777946,1.6395562280.13090067,1.6509386661.473488494,0.9679923780.268601986,-0.910109913-0.247777946,1.719233295-1.039560509,-0.3637528831.129235206,1.5484967230.71613126,1.9127347430.612855274,0.9452275020.957108562,-0.978404542-1.142836496,0.250898776-0.14450196,2.0948537530.062050013,0.478547538-0.282203275,-0.079191930.578429945,1.366377713-0.488755248,-0.3979001980.337452643,1.4688196560.096475342,1.662321104-0.626456563,0.137074395-0.14450196,0.433017786-1.108411167,-0.80766797-0.72973255,-0.079191930.13090067,-0.8190504080.922683233,1.423289903-1.073985838,-0.5800192080.371877972,-0.010897301-0.110076631,0.979374816-0.041225974,-0.170251435-0.282203275,-0.1816338730.13090067,0.751726054-0.419904591,0.114309518-0.213352618,0.10292708-1.142836496,-0.193016311-0.867433865,0.797255806-0.523180577,0.7403436150.268601986,0.3533407190.647280603,1.5371142850.509579287,-0.8531977230.681705931,1.4346723411.198085864,1.616791351-0.419904591,1.44605478-0.213352618,-0.898727475-0.316628604,0.797255806-0.660881892,0.831403120.062050013,-0.466194826-1.211687153,-0.363752883-1.31496314,-0.9784045423.779985525,1.4688196560.096475342,0.580989482-0.006800645,1.1273465120.062050013,1.68508598-0.901859194,0.569607043-0.695307221,4.85E-04-0.557605906,1.411907465-0.006800645,1.286700646-0.488755248,1.2070235790.13090067,0.83140312-1.383813797,0.5240772910.475153959,-0.7849030940.13090067,0.546842167-0.351053933,0.7631084920.303027315,0.2053690230.199751328,1.582644037-0.316628604,1.559879161-0.006800645,1.343612836-0.178927289,0.41025291-0.592031235,0.649284110.303027315,1.4574372180.268601986,-0.306840693-0.282203275,1.002139692-0.041225974,1.662321104-0.454329919,1.309465522-1.418239126,-1.1377586760.44072863,-0.6027840840.819407247,1.3322303980.371877972,1.263935769-0.006800645,0.4785475380.096475342,0.7517260540.750556589,1.4574372180.509579287,1.2753182080.819407247,1.5371142850.544004616,1.5143494081.060384548,1.5257318460.406303301,1.4802020940.475153959,0.319193405-1.142836496,-1.0694640470.544004616,1.1501113880.303027315,1.457437218-1.039560509,1.0249045691.576764481,1.537114285-0.626456563,-0.363752883-0.488755248,-0.955639666-0.316628604,1.081816759-0.006800645,-1.160523552-0.626456563,-0.409282636-0.213352618,1.0704343210.062050013,1.2184060170.647280603,1.446054780.268601986,1.525731846-0.72973255,0.4330177860.303027315,1.252553331-0.006800645,-0.9442572280.096475342,1.2980830843.263605592,1.3891425891.370212508,0.444400224-0.14450196,1.0931991971.02595922,0.6720489870.027624684,0.945227502-0.695307221,0.6720489870.13090067,-0.420665074-0.247777946,0.8996977490.991533891,1.241170893-1.039560509,-0.887345037-0.282203275,-0.113339244-0.901859194,0.672048987-1.039560509,-0.6369313980.337452643,1.537114285-0.110076631,-0.4206650744.77832006,1.44605478-0.833008536,-1.0466991710.544004616,1.013522131-1.00513518,-0.80766797-1.073985838,-0.967022104-0.351053933,-0.921492352-0.557605906,0.683431425-0.557605906,-0.44342995-0.695307221,1.184258703-1.211687153,-0.7621382181.266936521,1.298083084-0.488755248,0.808638244-0.488755248,-0.9101099130.13090067,1.5484967230.027624684,0.7175787390.44072863,1.195641141-0.488755248,-0.8645801610.165325999,-0.454812388-0.72973255,-0.8190504081.266936521,1.5484967230.819407247,1.4119074650.303027315,1.081816759-0.247777946,-0.898727475-0.006800645,1.3436128360.888257904,1.2525533310.096475342,-0.955639666-0.213352618,1.275318208-0.660881892,0.728961177-0.557605906,0.398870472-0.523180577,-0.671078713-0.419904591,0.6834314251.989868426,1.423289903-0.592031235,0.4216353480.199751328,0.876932873-0.557605906,1.036287007-0.282203275,1.548496723-0.041225974,-0.158868997-0.14450196,1.616791351-0.833008536,-1.012551857-1.00513518,-1.2402006190.406303301,-0.067809492-0.282203275,-1.1491411141.02595922,1.3549952740.062050013,1.537114285-0.385479262,0.899697749-0.557605906,-0.6938435890.337452643,-0.443429950.337452643,1.3094655221.094809877,0.842785559-1.177261824,-0.6369313980.027624684,-0.9214923520.234176657,0.28504609-0.764157879,-0.853197723-0.557605906,-0.033662177-0.764157879,-1.137758676-0.006800645,1.5826440370.096475342,1.5143494080.888257904,1.4119074650.406303301,1.50296697-0.178927289,-0.955639666-0.626456563,-1.2060533050.853832576,0.6948138630.337452643,1.833057676-1.00513518,-0.1133392440.681705931,1.62817379-0.316628604,0.7403436151.473488494,-0.4661948261.611189809,0.580989482-0.626456563,0.876932873-0.970709852,-1.228818181-0.178927289,1.7078508571.921017769,1.024904569-0.041225974,-0.841815285-0.867433865,0.751726054-0.14450196,1.32084796-0.72973255,-1.217435743-0.075651302,1.150111388-0.385479262,0.2508987761.404637836,0.706196301-0.110076631,1.354995274-1.00513518,-0.8418152850.853832576,1.639556228-0.14450196,-0.921492352-0.282203275,0.59237192-0.419904591,-0.932874790.303027315,1.468819656-0.178927289,1.1273465120.337452643,1.298083084-0.213352618,0.854167997-0.14450196,1.218406017-0.282203275,1.616791351-0.557605906,1.0476694450.371877972,-0.158868997-0.488755248,1.741998171-0.901859194,-0.8645801610.784981918,1.434672341-0.213352618,1.491584532-0.247777946,1.6509386660.371877972,1.616791351-0.454329919,-0.955639666-0.351053933,0.911080187-1.039560509,-0.6369313980.509579287,1.889969867-1.418239126,-1.103611362-0.592031235,0.455782662-0.316628604,-0.864580161-0.557605906,-1.092228924-0.419904591,0.1598392710.475153959,1.3549952740.44072863,1.525731846-0.385479262,1.3436128360.13090067,1.5598791610.096475342,1.5484967230.13090067,0.717578739-0.695307221,0.0346324510.578429945,0.7061963010.475153959,0.5240772910.268601986,-0.8987274751.163660535,1.0362870070.371877972,0.626519234-0.247777946,1.44605478-0.247777946,1.537114285-0.695307221,-0.2840758160.13090067,-0.819050408-0.178927289,-0.9214923520.784981918,1.3322303980.268601986,0.8996977490.991533891,0.990757254-0.833008536,0.922462626-0.385479262,-0.6824611510.303027315,-0.56863677-0.385479262,1.491584532-1.00513518,-1.183288429-0.213352618,1.229788455-0.592031235,1.2639357690.681705931,1.2639357690.027624684,1.343612836-0.901859194,-0.7962855320.062050013,1.286700646-0.385479262,1.2411708930.096475342,-1.194670867-1.177261824,-1.11499380.612855274,1.4915845320.062050013,1.457437218-0.592031235,-0.898727475-0.901859194,-1.0694640470.096475342,1.594026475-1.039560509,1.241170893-0.075651302,1.6167913512.265271057,1.5826440371.748891125,1.434672341-0.385479262,-0.500342141-1.00513518,-0.352370445-0.72973255,-1.17190599-0.075651302,0.6379016721.645615138,1.3891425890.44072863,-1.012551857-0.419904591,0.5582246050.612855274,-0.523107017-1.31496314,0.95660994-0.695307221,1.44605478-0.798583207,-0.910109913-0.351053933,-0.1474865590.165325999,-1.206053305-1.00513518,-0.557254331-0.557605906,-0.466194826-1.246112482,-1.206053305-0.488755248,-1.251583057-0.695307221,-1.126376238-0.72973255,-1.103611362-0.385479262,-0.841815285-0.592031235,-0.955639666-1.108411167,-1.1149938-0.72973255,-0.819050408-0.110076631,-0.898727475-0.592031235,-0.705226027-0.936284523,-0.614166522-0.72973255,-1.17190599-0.660881892,-0.93287479-0.901859194,-0.727990903-0.454329919,-0.705226027-1.383813797,-1.183288429-0.660881892,-1.1149938-0.419904591,-0.534489455-0.833008536,-0.98978698-0.351053933,-0.386517759-0.592031235,-0.978404542-0.695307221,-1.058081609-0.316628604,-0.591401646-0.626456563,-1.137758676-1.418239126,-1.2743479340.062050013,-0.910109913-0.72973255,-0.557254331-0.488755248,-0.693843589-0.695307221,-1.183288429-0.764157879,-0.98978698-0.592031235,-0.8531977230.268601986,-1.17190599-0.695307221,-1.103611362-0.14450196,-0.9101099130.544004616,-0.864580161-0.72973255,-0.967022104-0.523180577,-0.7962855320.027624684,-0.8645801610.199751328,-0.659696275-0.14450196,-0.8759625990.544004616,-0.830432847-0.626456563,-1.126376238-0.970709852,-1.228818181-0.247777946,-0.944257228-1.418239126,-1.149141114-0.970709852,-0.6824611510.612855274,-1.126376238-0.488755248,-0.967022104-1.039560509,-0.5914016460.062050013,-1.046699171-0.351053933,-0.329605569-1.177261824,-1.137758676-0.385479262,-1.17190599-1.418239126,-0.762138218-1.108411167,-1.058081609-1.418239126,-1.012551857-0.970709852,-1.137758676-0.247777946,-0.693843589-0.867433865,-1.001169418-0.970709852,-1.1149938-0.867433865,-1.251583057-0.592031235,-0.819050408-0.385479262,-0.80766797-0.14450196,-0.955639666-0.660881892,-1.3084952480.13090067,-0.466194826-0.901859194,-1.1036113620.544004616,-1.251583057-0.213352618,-0.955639666-0.557605906,-1.251583057-1.177261824,-0.636931398-1.073985838,-0.978404542-1.211687153,-1.1149938-1.039560509,-0.875962599-0.351053933,-0.705226027-0.282203275,-1.1377586760.096475342,-0.819050408-0.454329919,-1.251583057-1.073985838,-0.9442572280.681705931,-0.98978698-0.72973255,-0.864580161-0.695307221,-1.012551857-0.247777946,-1.126376238-1.280537811,-1.0239342950.027624684,-1.149141114-0.557605906,-1.251583057-0.351053933,-1.137758676-1.108411167,-0.773520656-1.418239126,-0.807667970.027624684,-0.967022104-0.764157879,-1.0125518571.783316453,-1.012551857-0.557605906,-0.898727475-0.282203275,-0.93287479-0.833008536,-1.1149938-0.351053933,-1.217435743-0.557605906,-1.023934295-0.523180577,-1.0694640470.303027315,-1.194670867-0.557605906,-1.262965495-0.936284523,-1.046699171-0.523180577,-1.092228924-0.282203275,-1.274347934-1.073985838,-1.1605235520.234176657,-1.1491411140.234176657,-1.183288429-0.660881892,-0.648313836-1.00513518,-0.580019208-0.626456563,-1.217435743-0.557605906,-1.001169418-0.833008536,-1.17190599-0.247777946,-1.023934295-0.867433865,-0.8190504080.303027315,-0.62554896-0.178927289,-0.7621382180.199751328,-0.978404542-0.695307221,-0.955639666-0.454329919,-1.069464047-0.72973255,-0.910109913-0.72973255,-0.841815285-0.282203275,-1.046699171-0.936284523,-1.126376238-1.142836496,-1.285730372-0.523180577,-1.001169418-1.383813797,-1.035316733-0.72973255,-1.1149938-0.454329919,-0.910109913-0.867433865,-0.93287479-0.454329919,-0.784903094-0.110076631,-1.080846485-0.557605906,-1.160523552-0.14450196,-1.1263762380.888257904,-1.001169418-0.488755248,-1.206053305-0.316628604,-0.853197723-0.247777946,-1.194670867-1.280537811,-0.875962599-0.14450196,-1.11499380.268601986,-1.058081609-0.006800645,-1.206053305-0.798583207,-1.0580816090.371877972,-1.183288429-0.72973255,-1.069464047-0.660881892,-1.1149938-0.213352618,-1.069464047-0.454329919,-1.1149938-1.418239126,-1.17190599-1.039560509,-1.206053305-0.798583207,-1.023934295-0.970709852,-0.9556396660.888257904,-1.217435743-0.454329919,-1.308495248-0.488755248,-0.898727475-1.280537811,-0.727990903-0.557605906,-0.864580161-0.213352618,-1.206053305-0.901859194,-0.887345037-1.00513518,-0.841815285-1.177261824,-1.046699171-1.142836496,-1.319877686-0.764157879,-1.206053305-0.72973255,-1.285730372-0.247777946,-1.080846485-0.110076631,-1.240200619-0.247777946,-0.944257228-1.177261824,-0.967022104-0.454329919,-0.875962599-0.041225974,-0.955639666-0.316628604,0.706196301-0.798583207,-0.807667971.163660535,-0.9556396660.096475342,0.319193405-0.247777946,-0.98978698-0.110076631,0.205369023-0.419904591,-0.9556396662.024293755,0.6834314250.062050013,-1.194670867-0.041225974,-0.9101099130.509579287,-0.921492352-1.00513518,-1.023934295-0.592031235,-1.069464047-0.110076631,0.546842167-0.695307221,-0.488959703-0.041225974,-1.0694640470.371877972,-0.978404542-0.419904591,0.615136796-0.419904591,0.626519234-0.488755248,-0.932874792.816076318,0.740343615-0.006800645,-0.773520656-0.178927289,0.751726054-1.039560509,-0.739373341-1.31496314,-1.103611362-1.31496314,-1.058081609-1.349388468,-1.023934295-0.316628604,0.4557826620.096475342,0.353340719-0.110076631,-0.705226027-0.075651302,0.535459729-0.282203275,0.751726054-0.488755248,-1.251583057-0.764157879,-0.796285532-1.039560509,-0.727990903-0.72973255,-0.98978698-0.660881892,-1.023934295-0.798583207,-1.1149938-0.592031235,-1.001169418-0.454329919,-0.8190504080.475153959,0.137074395-0.075651302,0.433017786-1.31496314,-1.2060533052.368547043,0.740343615-0.764157879,-0.989786980.303027315,-0.249928502-1.177261824,-1.058081609-0.833008536,-0.887345037-0.419904591,-0.5117245790.027624684,-0.591401646-0.041225974,0.694813863-0.282203275,-1.0694640470.750556589,-0.124721682-0.075651302,0.569607043-0.041225974,0.683431425-0.901859194,-0.875962599-0.557605906,-0.875962599-0.006800645,-1.012551857-0.419904591,-1.046699171-0.660881892,-1.17190599-0.351053933,0.5809894820.062050013,-1.012551857-0.419904591,-0.944257228-0.695307221,-0.625548960.44072863,-0.6141665220.199751328,0.626519234-0.660881892,-0.921492352-0.454329919,-0.6483138360.371877972,-0.9784045420.819407247,0.535459729-0.660881892,-1.0011694180.303027315,-0.067809492-0.72973255,-1.194670867-0.764157879,-1.2288181811.163660535,-0.0222797391.129235206,0.672048987-0.419904591,-0.4661948260.13090067,0.524077291-0.454329919,-0.682461151-0.523180577,-0.887345037-0.764157879,-0.887345037-0.075651302,0.102927080.681705931,0.569607043-0.282203275,-0.079191930.096475342,0.239516338-0.488755248,0.171221709-0.351053933,-1.080846485-0.006800645,-1.023934295-0.557605906,-0.727990903-1.31496314,-1.046699171-0.936284523,-0.875962599-0.213352618,0.3305758430.475153959,0.683431425-0.901859194,-0.807667970.165325999,0.933845064-0.454329919,4.85E-04-1.00513518,-1.035316733-0.178927289,0.637901672-1.31496314,-0.4206650740.337452643,0.626519234-0.282203275,0.569607043-0.351053933,-0.8190504081.198085864,0.5696070430.44072863,0.649284110.337452643,0.683431425-0.351053933,-0.796285532-0.282203275,0.672048987-0.419904591,0.2395163380.027624684,0.5126948530.027624684,0.558224605-0.385479262,-0.841815285-0.592031235,-0.796285532-0.282203275,-1.137758676-0.523180577,-0.727990903-0.316628604,-0.488959703-0.557605906,0.046014890.062050013,0.478547538-0.110076631,-1.0922289240.509579287,0.5468421670.371877972,-1.058081609-0.110076631,-0.8759625990.371877972,-0.75075578-0.523180577,-1.194670867-0.72973255,-0.693843589-0.592031235,-0.44342995-1.177261824,-0.295458254-0.316628604,-0.819050408-1.142836496,-0.591401646-0.867433865,-1.0011694181.404637836,0.672048987-0.178927289,0.649284112.196420399,0.603754358-1.073985838,-0.819050408-0.041225974,0.512694853-0.041225974,-0.409282636-0.901859194,-0.8190504080.406303301,-0.955639666-1.039560509,-1.046699171-0.006800645,0.011867575-0.247777946,0.2053690230.062050013,-0.8645801610.784981918,0.717578739-0.695307221,-0.693843589-0.626456563,-0.784903094-0.213352618,-0.1930163110.062050013,0.5013124150.475153959,0.2281339-0.247777946,0.250898776-0.282203275,-0.8418152850.268601986,-0.249928502-0.041225974,-0.807667970.027624684,-0.8987274750.062050013,0.4671651-0.72973255,-0.864580161-0.833008536,-0.932874791.02595922,0.831403120.096475342,0.398870472-0.282203275,0.421635348-0.695307221,-1.183288429-1.108411167,-0.955639666-0.213352618,0.5240772910.337452643,0.171221709-0.660881892,-0.716608465-0.282203275,-0.62554896-0.72973255,-1.149141114-0.488755248,-1.0125518570.027624684,0.1370743950.096475342,-0.796285532-0.316628604,-0.7735206560.612855274,-0.75075578-0.316628604,-0.830432847-0.764157879,-0.978404542-0.247777946,0.683431425-0.695307221,-0.955639666-0.006800645,0.3874880330.681705931,-1.080846485-1.383813797,-0.864580161-0.247777946,-0.101956806-1.177261824,-0.773520656-0.075651302,0.615136796-0.316628604,-0.716608465-0.557605906,-0.944257228-0.72973255,-0.7962855320.165325999,0.6606665490.544004616,-1.080846485-0.14450196,-0.580019208-0.833008536,-0.8759625990.234176657,0.1939865850.199751328,0.28504609-1.142836496,0.6948138630.027624684,-0.227163626-0.660881892,-1.001169418-0.660881892,-0.978404542-0.72973255,-0.796285532-0.523180577,-0.181633873-0.764157879,-0.853197723-0.351053933,0.763108492-0.247777946,0.489929977-0.351053933,-0.352370445-1.280537811,-0.955639666-0.970709852,-0.158868997-0.970709852,-0.796285532-1.383813797,-0.716608465-1.142836496,-0.864580161-0.075651302,-0.022279739-0.385479262,-0.8418152850.096475342,0.512694853-0.075651302,0.182604147-0.316628604,-0.614166522-0.282203275,-0.9442572280.199751328,0.148456833-0.557605906,-0.910109913-0.901859194,-0.739373341-0.110076631,0.4330177860.578429945,0.7289611770.303027315,-0.090574368-0.041225974,0.5809894820.509579287,-0.8987274750.027624684,0.6151367960.268601986,-1.001169418-0.626456563,-0.864580161-0.419904591,0.728961177-0.626456563,-1.080846485-0.695307221,-1.0466991710.44072863,-0.010897301-0.695307221,-0.750755780.234176657,0.319193405-0.936284523,-1.11499380.681705931,0.59237192-0.385479262,0.6037543580.578429945,0.7289611772.230845728,0.433017786-0.282203275,-1.137758676-0.454329919,-1.228818181-0.282203275,-0.967022104-1.142836496,-0.727990903-0.901859194,-0.830432847-1.246112482,-0.705226027-0.213352618,-1.1263762380.303027315,-1.012551857-0.626456563,-0.693843589-0.282203275,-1.012551857-0.764157879,-1.1263762380.096475342,0.41025291-0.213352618,0.5809894820.096475342,0.6720489871.094809877,0.3533407190.13090067,0.6379016720.406303301,0.433017786-1.211687153,-0.682461151-0.867433865,-0.773520656-0.695307221,-0.819050408-0.454329919,-0.819050408-0.833008536,-0.796285532-0.833008536,-1.171905991.266936521,-0.6141665220.337452643,0.3988704722.299696386,0.558224605-0.316628604,-0.181633873-0.695307221,-1.126376238-0.419904591,-0.784903094-0.385479262,-0.8987274750.13090067,0.250898776-0.316628604,-0.62554896-0.592031235,-1.126376238-0.041225974,0.478547538-1.177261824,-0.8759625990.062050013,0.137074395-0.316628604,-0.272693378-0.72973255,-0.636931398-0.110076631,-0.7735206560.475153959,0.9224626260.096475342,-0.762138218-1.108411167,-1.1149938-0.213352618,0.444400224-0.592031235,-0.819050408-0.523180577,-0.841815285-0.72973255,-0.773520656-0.454329919,0.592371920.268601986,0.5013124150.647280603,0.717578739-0.523180577,-1.069464047-0.798583207,-0.875962599-0.833008536,-1.069464047-0.110076631,0.637901672-0.936284523,-1.137758676-0.523180577,-0.8190504080.199751328,0.672048987-0.14450196,0.546842167-0.867433865,-1.001169418-0.351053933,-0.466194826-0.867433865,0.011867575-0.592031235,-0.181633873-0.626456563,-0.124721682-0.833008536,-1.0125518570.062050013,0.59237192-1.31496314,-0.659696275-0.970709852,-0.682461151-0.833008536,-0.910109913-0.488755248,0.22813390.165325999,0.5468421670.027624684,0.307810967-0.970709852,-0.853197723-0.523180577,-0.067809492-0.041225974,0.0915446420.027624684,-0.523107017-1.142836496,-1.023934295-0.110076631,0.59237192-0.316628604,-0.898727475-0.523180577,-0.238546064-0.351053933,-0.955639666-0.006800645,0.637901672-0.695307221,-1.035316733-0.523180577,-1.035316733-0.626456563,-1.183288429-1.142836496,-0.682461151-0.660881892,-1.0922289240.13090067,-0.07919193-0.660881892,-0.6824611510.303027315,0.478547538-0.523180577,-0.8304328471.060384548,1.4232899030.819407247,-1.0580816090.44072863,0.9110801870.681705931,1.3322303980.784981918,0.64928411-0.075651302,0.569607043-0.110076631,1.468819656-0.901859194,-0.944257228-1.280537811,-0.830432847-0.833008536,-0.8987274750.475153959,0.3647231570.406303301,1.457437218-0.316628604,-0.6710787130.096475342,-0.98978698-0.695307221,-1.069464047-0.660881892,-1.092228924-0.282203275,0.3761055950.234176657,1.411907465-1.108411167,-1.0466991710.922683233,1.275318208-0.936284523,-0.875962599-0.72973255,-1.080846485-0.419904591,0.569607043-0.282203275,0.4444002242.816076318,-0.910109913-0.695307221,-1.035316733-0.867433865,-0.602784084-1.211687153,-0.93287479-1.142836496,-1.1036113620.888257904,-0.056427054-0.72973255,1.502966972.575099016,0.3191934050.303027315,1.161493826-0.419904591,-1.240200619-0.213352618,-0.7279909030.199751328,0.6265192340.027624684,1.3436128364.124238813,1.298083084-0.316628604,-0.898727475-0.592031235,0.7403436150.303027315,0.0573973283.160329606,-0.9556396660.027624684,0.683431425-1.211687153,-0.841815285-0.247777946,-0.07919193-1.073985838,-0.705226027-0.557605906,-0.807667971.30136185,1.673703542-0.764157879,-0.910109913-0.041225974,0.9793748161.060384548,1.4688196561.232511192,1.172876264-0.798583207,-1.1263762380.13090067,1.207023579-0.488755248,0.933845064-0.695307221,0.580989482-0.798583207,-1.2629654950.096475342,1.514349408-0.557605906,-0.591401646-0.006800645,0.59237192-0.592031235,-0.534489455-0.764157879,-0.853197723-0.14450196,0.717578739-0.385479262,-0.5117245790.199751328,1.400525027-0.798583207,-0.910109913-0.178927289,-0.7735206560.096475342,1.616791351-0.764157879,-0.682461151-0.041225974,1.457437218-1.073985838,-0.967022104-0.385479262,-0.944257228-0.557605906,-1.012551857-0.970709852,-1.0125518570.027624684,0.239516338-0.316628604,0.603754358-0.178927289,0.694813863-0.178927289,1.480202094-1.108411167,-0.773520656-1.280537811,-0.967022104-0.626456563,0.148456833-0.316628604,-0.830432847-0.247777946,1.525731846-0.041225974,-0.864580161-0.316628604,-1.2743479340.13090067,1.4005250270.71613126,1.389142589-0.351053933,0.7175787390.578429945,-0.409282636-0.213352618,1.6623211040.268601986,-1.160523552-0.419904591,-1.0808464850.096475342,2.3338849543.573433552,1.6054089130.13090067,-0.648313836-0.247777946,0.2395163380.13090067,-1.194670867-1.280537811,-0.967022104-0.385479262,-0.864580161-0.592031235,-0.9670221040.475153959,1.446054780.096475342,0.319193405-1.280537811,-1.319877686-0.282203275,-0.875962599-0.523180577,1.2980830840.750556589,0.023250013-0.14450196,1.525731846-1.108411167,-0.978404542-1.418239126,-1.080846485-1.108411167,-0.1588689970.165325999,1.480202094-0.247777946,0.0232500130.13090067,-0.4548123880.303027315,0.524077291-0.385479262,0.8541679972.850501647,1.480202094-0.385479262,-0.170251435-0.936284523,-1.2515830570.13090067,1.491584532-0.764157879,-0.580019208-0.247777946,0.1826041470.13090067,1.537114285-0.110076631,-1.3198776860.44072863,0.637901672-0.006800645,1.446054780.44072863,1.423289903-0.72973255,0.9110801870.647280603,1.366377713-1.039560509,-1.046699171-1.108411167,-1.0011694180.509579287,-0.3751353210.303027315,0.717578739-0.110076631,0.5013124150.371877972,0.478547538-0.14450196,-0.978404542-1.211687153,-0.5914016460.13090067,0.364723157-0.626456563,-1.103611362-0.041225974,0.512694853-0.178927289,1.4574372180.096475342,1.389142589-0.316628604,-0.56863677-0.936284523,-0.978404542-1.280537811,-0.910109913-0.14450196,-0.80766797-0.660881892,-0.07919193-1.280537811,-0.93287479-1.177261824,-0.955639666-0.075651302,1.628173790.096475342,1.5143494080.027624684,1.559879161-0.006800645,1.1842587030.165325999,1.241170893-0.867433865,-1.012551857-0.419904591,1.036287007-0.282203275,-1.0580816090.027624684,1.389142589-0.385479262,-1.0694640470.475153959,0.319193405-0.385479262,-1.126376238-0.178927289,-0.534489455-0.110076631,1.400525027-0.488755248,1.3436128360.681705931,1.4119074650.853832576,0.22813390.406303301,0.933845064-0.385479262,-1.023934295-0.454329919,-1.17190599-0.213352618,-0.124721682-0.764157879,0.28504609-0.488755248,-0.671078713-1.383813797,-0.944257228-0.14450196,0.524077291-0.316628604,0.0118675750.888257904,1.343612836-0.901859194,-0.955639666-0.178927289,-1.2060533050.819407247,0.8655504350.509579287,1.423289903-0.006800645,0.068779766-0.523180577,0.114309518-0.282203275,-1.035316733-0.523180577,1.571261599-0.660881892,-1.0011694180.406303301,1.343612836-0.006800645,-1.001169418-0.006800645,0.945227502-0.764157879,-0.1588689970.750556589,1.093199197-0.385479262,-0.9784045420.337452643,1.3663777130.096475342,-1.069464047-0.798583207,0.478547538-1.073985838,-0.830432847-0.523180577,-1.29711281-0.282203275,0.8427855590.13090067,1.650938666-0.178927289,-0.8645801610.475153959,-0.75075578-0.316628604,-0.80766797-0.041225974,-1.126376238-0.14450196,1.491584532-0.041225974,-1.103611362-0.282203275,-0.8645801610.819407247,1.707850857-0.247777946,-1.2174357431.88659244,1.354995274-1.211687153,-0.5458718930.784981918,4.85E-040.337452643,1.68508598-0.454329919,1.104581636-0.523180577,-1.023934295-0.557605906,-0.784903094-0.523180577,1.059051883-0.247777946,1.377760151-0.006800645,-0.932874790.303027315,0.023250013-0.867433865,-0.671078713-1.31496314,-0.8645801610.406303301,1.400525027-0.592031235,1.582644037-0.523180577,-0.75075578-0.523180577,-1.092228924-0.970709852,-1.11499380.062050013,1.0704343210.199751328,0.057397328-0.72973255,0.7403436152.47182303,1.457437218-0.488755248,-0.978404542-0.385479262,0.102927081.611189809,1.1159640740.268601986,1.4346723410.578429945,1.502966970.371877972,-1.023934295-0.626456563,1.457437218-0.282203275,-0.9442572280.165325999,1.6054089130.337452643,0.8086382440.165325999,1.548496723-0.351053933,1.4119074650.371877972,-0.101956806-0.592031235,0.341958281-0.523180577,1.434672341-0.247777946,1.525731846-0.626456563,-0.466194826-0.419904591,-1.069464047-0.833008536,-0.056427054-0.213352618,1.298083084-0.626456563,-0.432047512-0.557605906,0.95660994-1.418239126,-0.9784045420.268601986,1.446054780.096475342,1.263935769-1.00513518,-0.887345037-0.419904591,1.594026475-0.316628604,0.307810967-0.351053933,1.5940264750.303027315,1.423289903-0.798583207,0.2281339-0.247777946,0.034632451-0.72973255,1.525731846-0.110076631,0.250898776-0.316628604,0.5809894820.44072863,1.411907465-0.454329919,0.694813863-1.418239126,-0.7393733410.303027315,1.491584532-0.454329919,1.3322303980.509579287,2.345267392-0.385479262,0.319193405-0.695307221,-0.454812388-0.110076631,-1.035316733-0.523180577,-0.44342995-0.901859194,0.171221709-0.867433865,-0.295458254-0.523180577,0.603754358-0.419904591,0.64928411-0.523180577,0.649284110.062050013,1.2980830843.504582894,1.707850857-1.211687153,-1.217435743-1.177261824,-0.80766797-0.316628604,-0.875962599-1.280537811,-0.7962855320.268601986,-0.4206650740.303027315,1.559879161-0.14450196,1.4119074650.096475342,1.400525027-0.110076631,-0.022279739-0.592031235,-0.295458254-0.213352618,1.7989103620.268601986,1.047669445-0.557605906,-0.898727475-0.936284523,-0.921492352-0.557605906,0.444400224-0.660881892,0.59237192-0.592031235,0.785873368-0.419904591,1.946882057-0.72973255,1.218406017-0.110076631,0.398870472-1.073985838,-0.7735206562.781650989,-1.023934295-0.419904591,0.501312415-0.006800645,1.241170893-0.351053933,0.842785559-0.14450196,1.0818167590.234176657,1.594026475-0.454329919,-0.796285532-0.041225974,1.5257318460.13090067,1.207023579-0.14450196,0.854167997-1.418239126,-0.75075578-0.006800645,-0.932874790.544004616,1.0249045690.234176657,-0.284075816-1.00513518,-0.215781187-0.764157879,0.4671651-0.041225974,1.730615733-0.901859194,1.229788455-0.14450196,0.728961177-0.833008536,-1.183288429-0.488755248,-0.067809492-0.833008536,-1.262965495-0.075651302,-0.215781187-0.523180577,0.728961177-0.282203275,0.046014890.062050013,0.364723157-0.660881892,-0.215781187-0.213352618,1.4346723410.199751328,1.662321104-0.178927289,0.455782662-0.833008536,0.421635348-0.557605906,0.3191934050.784981918,-1.0239342950.027624684,1.5826440370.096475342,0.535459729-0.695307221,0.0801622040.853832576,0.444400224-0.419904591,0.615136796-0.006800645,1.309465522-0.419904591,1.354995274-0.936284523,-0.591401646-0.660881892,-0.158868997-0.14450196,0.660666549-0.798583207,-1.251583057-0.833008536,0.478547538-0.523180577,0.4216353480.096475342,0.979374816-0.316628604,-1.0922289240.062050013,0.4444002240.337452643,0.8427855590.509579287,-1.149141114-0.764157879,-1.194670867-0.523180577,-1.240200619-0.247777946,0.023250013-0.867433865,-0.523107017-0.695307221,0.148456833-1.00513518,-1.137758676-0.626456563,1.320847963.814410853,1.5143494080.13090067,-0.636931398-0.764157879,-1.126376238-0.247777946,-0.375135321-0.006800645,0.979374816-0.523180577,0.182604147-0.247777946,-0.010897301-0.798583207,-0.56863677-0.764157879,-0.557254331-0.213352618,0.421635348-0.14450196,-0.773520656-0.316628604,-0.022279739-0.592031235,-0.0678094920.096475342,0.592371920.027624684,-0.830432847-0.488755248,1.3891425890.371877972,0.376105595-0.351053933,-0.340988007-0.385479262,1.2184060170.234176657,1.4915845321.473488494,-1.0808464850.337452643,0.569607043-0.419904591,0.683431425-0.488755248,0.421635348-0.110076631,-1.058081609-0.592031235,1.207023579-0.178927289,0.854167997-0.764157879,-0.523107017-0.282203275,1.127346512-0.282203275,0.410252910.475153959,1.320847960.096475342,0.512694853-0.454329919,-1.080846485-0.075651302,1.263935769-0.247777946,1.491584532-0.110076631,0.854167997-0.626456563,-0.693843589-1.039560509,-0.238546064-0.592031235,0.5582246050.13090067,1.207023579-0.523180577,0.5809894820.750556589,0.421635348-0.14450196,1.161493826-0.006800645,0.3647231570.199751328,1.8558225520.337452643,1.457437218-0.316628604,0.899697749-0.72973255,0.3533407190.509579287,1.594026475-0.626456563,-1.0353167330.371877972,0.637901672-0.660881892,-0.9670221040.681705931,0.763108492-0.695307221,-0.98978698-0.454329919,0.512694853-0.488755248,-0.80766797-0.833008536,0.10292708-0.523180577,1.6623211040.234176657,1.741998171-0.798583207,1.377760151-0.936284523,0.6037543580.612855274,1.5257318460.062050013,-1.069464047-0.385479262,1.8102928-0.006800645,0.660666549-0.626456563,0.7061963011.094809877,1.229788455-0.110076631,0.4216353480.475153959,-1.023934295-0.282203275,0.034632451-0.936284523,0.319193405-0.006800645,-0.580019208-0.14450196,1.491584532-0.695307221,0.899697749-0.110076631,1.468819656-0.075651302,1.218406017-0.454329919,0.683431425-0.075651302,-1.217435743-0.213352618,0.535459729-0.247777946,1.2525533310.13090067,1.480202094-0.626456563,1.354995274-0.351053933,-0.5231070170.027624684,0.967992378-0.213352618,1.616791351-0.282203275,0.4216353480.303027315,1.548496723-0.695307221,-0.841815285-0.626456563,-0.56863677-1.31496314,-0.4661948260.096475342,-0.9442572280.509579287,0.9793748160.681705931,1.127346512-1.211687153,-0.397900198-0.351053933,0.740343615-0.72973255,1.434672341-0.213352618,1.0021396920.096475342,0.717578739-1.073985838,-1.126376238-1.280537811,-1.0239342950.578429945,1.172876264-0.867433865,-0.796285532-0.660881892,0.421635348-0.419904591,1.6395562280.337452643,1.081816759-0.419904591,1.195641141-0.936284523,-0.523107017-0.72973255,0.979374816-0.764157879,-1.126376238-0.247777946,0.979374816-0.316628604,1.229788455-1.00513518,-0.739373341-0.936284523,-1.2288181810.406303301,0.364723157-0.764157879,0.4671651-0.351053933,-0.93287479-0.523180577,-0.3182231310.027624684,0.125691956-0.316628604,0.672048987-0.006800645,1.776145485-0.867433865,-1.069464047-0.454329919,0.148456833-0.867433865,-1.0125518570.096475342,1.44605478-0.867433865,-0.8531977230.096475342,1.241170893-0.419904591,0.979374816-0.385479262,-0.4320475120.71613126,-0.204398749-1.073985838,-0.796285532-0.178927289,-0.397900198-0.178927289,-1.1832884290.062050013,-1.023934295-0.178927289,-0.93287479-0.523180577,-1.137758676-1.039560509,-0.56863677-1.31496314,-1.240200619-1.142836496,-1.2288181810.199751328,-1.103611362-0.592031235,-0.910109913-1.039560509,-1.17190599-0.660881892,-1.160523552-0.454329919,-0.864580161-0.695307221,-0.819050408-1.383813797,-1.274347934-0.970709852,-1.126376238-0.695307221,-0.659696275-1.280537811,-1.012551857-1.177261824,-0.93287479-1.108411167,-1.251583057-0.626456563,-1.228818181-0.695307221,-1.1946708670.165325999,-0.955639666-0.660881892,-0.80766797-0.936284523,-1.058081609-1.039560509,-0.62554896-0.72973255,-1.217435743-1.00513518,-0.671078713-1.418239126,-0.864580161-0.901859194,-0.75075578-0.867433865,-1.149141114-1.246112482,-0.727990903-1.418239126,-0.841815285-1.142836496,-0.6027840840.027624684,-1.194670867-0.419904591,-0.978404542-0.833008536,-0.511724579-0.764157879,-0.727990903-0.695307221,-0.6824611510.234176657,-1.126376238-0.798583207,-1.228818181-1.00513518,-1.183288429-0.626456563,-1.160523552-1.418239126,-0.898727475-1.00513518,-0.739373341-0.901859194,-0.568636770.027624684,-0.602784084-1.280537811,-0.875962599-0.72973255,-0.830432847-0.833008536,-0.62554896-0.970709852,-1.17190599-0.867433865,-1.149141114-0.316628604,-0.853197723-0.14450196,-0.932874790.406303301,-0.022279739-0.419904591,-0.864580161-0.798583207,-1.240200619-1.349388468,-1.080846485-0.419904591,-1.001169418-0.72973255,-1.1491411140.234176657,0.114309518-0.936284523,-1.228818181-0.592031235,-1.194670867-1.073985838,-0.93287479-0.006800645,-0.830432847-0.833008536,-0.375135321-1.039560509,-0.8987274750.062050013,-1.103611362-0.351053933,-1.001169418-0.833008536,-1.035316733-0.488755248,-1.262965495-0.488755248,-1.2629654950.027624684,-1.092228924-0.006800645,-1.217435743-0.626456563,-0.488959703-0.660881892,-0.6710787130.268601986,-1.069464047-0.764157879,-1.1605235520.199751328,-1.149141114-0.833008536,-1.069464047-0.041225974,-0.978404542-0.695307221,-1.103611362-1.073985838,-0.967022104-0.14450196,-0.500342141-0.764157879,-0.93287479-0.72973255,-1.012551857-0.592031235,-1.194670867-1.383813797,-0.875962599-0.660881892,-0.819050408-0.385479262,-1.251583057-0.592031235,-1.046699171-0.901859194,-0.5117245790.750556589,-0.819050408-0.970709852,-1.012551857-0.075651302,-0.830432847-0.72973255,-0.978404542-0.006800645,-0.614166522-0.901859194,-1.046699171-1.280537811,-0.693843589-0.075651302,0.2281339-0.041225974,-0.318223131-0.041225974,-0.716608465-1.039560509,-1.160523552-0.626456563,-0.864580161-1.00513518,-1.183288429-0.867433865,-0.648313836-1.039560509,-1.012551857-0.901859194,-0.75075578-0.833008536,-0.80766797-1.108411167,-1.251583057-0.14450196,-1.240200619-1.108411167,-0.978404542-1.177261824,-1.080846485-1.108411167,-0.875962599-1.108411167,-0.944257228-0.626456563,-1.080846485-0.901859194,-1.069464047-0.316628604,-1.0239342951.645615138,-1.046699171-0.660881892,-0.295458254-0.833008536,-0.830432847-0.385479262,-0.8531977230.234176657,-0.693843589-1.246112482,-0.80766797-0.557605906,-0.932874790.234176657,-1.206053305-1.349388468,-0.56863677-0.592031235,-0.352370445-0.041225974,-0.511724579-0.936284523,-0.705226027-0.213352618,-1.058081609-0.351053933,-1.194670867-0.419904591,-0.841815285-0.626456563,-0.762138218-0.557605906,-0.898727475-0.041225974,-0.477577264-1.211687153,-0.625548960.647280603,-1.092228924-1.418239126,-0.8987274753.160329606,0.785873368-1.142836496,-0.944257228-0.110076631,-0.705226027-0.247777946,-0.98978698-0.488755248,-0.727990903-0.901859194,-0.841815285-0.592031235,-0.955639666-0.867433865,-1.1149938-0.867433865,-0.523107017-0.316628604,-1.069464047-0.385479262,-0.9214923521.576764481,-1.149141114-0.041225974,-0.841815285-0.385479262,-0.727990903-0.695307221,-0.944257228-0.72973255,-0.853197723-1.31496314,-0.545871893-0.764157879,-1.035316733-0.660881892,-1.1491411141.198085864,-0.944257228-0.764157879,-1.206053305-0.523180577,-0.44342995-0.72973255,-1.080846485-1.246112482,-1.035316733-0.282203275,-1.035316733-0.764157879,-1.137758676-0.695307221,-0.910109913-0.695307221,-0.659696275-1.280537811,-1.046699171-0.488755248,-0.98978698-0.523180577,-0.796285532-0.385479262,-1.001169418-0.282203275,-1.035316733-0.626456563,-0.5344894550.337452643,0.398870472-0.970709852,-0.841815285-1.349388468,-1.240200619-0.523180577,-0.62554896-1.418239126,-1.1149938-0.798583207,-0.500342141-0.592031235,-0.705226027-0.626456563,-0.62554896-1.00513518,-1.228818181-0.282203275,-1.149141114-0.72973255,-1.035316733-0.72973255,-0.500342141-0.282203275,-0.830432847-0.833008536,-0.534489455-1.039560509,-0.762138218-1.418239126,-1.012551857-0.72973255,-0.568636770.44072863,-1.1149938-0.626456563,-0.568636770.199751328,-0.944257228-1.31496314,-1.092228924-0.833008536,-0.978404542-1.211687153,-1.080846485-0.833008536,-1.046699171-1.108411167,-1.183288429-0.901859194,-1.080846485-0.764157879,-0.864580161-0.660881892,-0.295458254-0.798583207,-0.98978698-0.695307221,-0.853197723-0.282203275,-0.659696275-0.178927289,-1.194670867-0.764157879,-0.56863677-0.867433865,-0.693843589-1.246112482,-0.853197723-0.454329919,-0.853197723-1.246112482,-0.659696275-0.867433865,-0.5117245790.096475342,-1.012551857-1.246112482,-0.887345037-0.626456563,-0.7393733410.957108562,-0.898727475-0.523180577,-0.921492352-0.14450196,-0.420665074-0.557605906,-1.0466991710.096475342,1.68508598-0.006800645,-0.8873450371.88659244,0.9224626260.062050013,-0.750755780.371877972,1.673703542-1.31496314,-0.62554896-0.247777946,0.580989482-0.316628604,0.569607043-0.041225974,1.1956411410.13090067,0.6720489870.853832576,-0.910109913-0.247777946,-0.8304328472.402972372,1.1842587030.475153959,-0.9556396660.062050013,1.229788455-0.385479262,1.446054784.330790786,1.195641141-0.488755248,1.4232899030.027624684,1.377760151-1.349388468,-1.0125518570.303027315,1.673703542-0.833008536,-1.1036113620.371877972,1.616791351-0.833008536,0.3305758430.303027315,1.002139692-0.110076631,1.5598791610.371877972,-0.067809492-0.454329919,0.193986585-0.14450196,-0.614166522-0.833008536,-0.44342995-0.178927289,-0.716608465-0.557605906,0.7289611770.371877972,1.4915845320.199751328,1.4232899032.058719084,1.457437218-0.075651302,-0.454812388-0.006800645,0.0801622040.612855274,1.457437218-0.523180577,1.3663777132.988202962,1.446054780.303027315,1.457437218-1.418239126,-0.98978698-0.454329919,1.44605478-0.592031235,-0.8190504080.681705931,1.195641141-0.523180577,-1.126376238-0.14450196,-0.022279739-0.970709852,1.2184060170.062050013,1.6054089130.991533891,0.6720489870.096475342,1.3777601510.991533891,1.480202094-0.178927289,1.411907465-0.178927289,-0.6596962752.230845728,-0.80766797-0.213352618,-0.944257228-1.073985838,-1.2060533050.199751328,0.1370743951.335787179,1.491584532-1.039560509,-1.0694640470.337452643,-0.386517759-0.764157879,-0.80766797-0.970709852,-0.750755780.268601986,1.1159640741.129235206,1.354995274-1.073985838,-0.80766797-0.213352618,0.7631084920.096475342,1.093199197-0.006800645,0.945227502-0.178927289,1.150111388-0.282203275,1.741998171-0.041225974,1.4119074650.371877972,0.0915446425.466826636,-1.058081609-1.246112482,-0.625548960.268601986,1.3549952741.921017769,-1.1832884290.612855274,1.377760151-0.14450196,0.683431425-0.592031235,-0.875962599-1.073985838,-1.058081609-0.798583207,0.7972558060.268601986,1.13872895-0.006800645,1.4232899030.268601986,1.44605478-0.454329919,-1.035316733-0.385479262,-0.9214923520.268601986,1.502966970.096475342,0.842785559-0.041225974,0.8541679971.129235206,1.036287007-1.418239126,-0.272693378-0.419904591,0.740343615-0.488755248,1.389142589-0.523180577,-0.5003421410.13090067,1.480202094-0.936284523,0.489929977-1.142836496,-0.864580161-0.936284523,-0.921492352-0.14450196,-0.295458254-0.523180577,1.002139692-0.006800645,1.594026475-0.006800645,1.0135221310.13090067,0.546842167-0.523180577,1.024904569